4.208766789769999850e-01 3.946330620890000085e-01 1.660908840739999919e-04 4.180602796389999636e-09 3.196273560669999901e-07 1.998609615689999925e-10 1.137958916629999984e-01 3.132695790260000040e-09 7.052794924619999739e-02 4.091515528030000207e-13
3.584712007339999819e-10 2.543762618810000187e-10 1.053405807309999900e-12 7.789739621490000543e-01 1.750323875419999904e-06 3.270585543169999931e-12 1.039335464879999969e-14 2.210242869100000063e-01 1.053454093240000086e-15 3.477607855060000004e-14
2.050725165289999937e-10 4.188169209159999970e-10 1.228865552820000079e-06 3.363131209450000228e-10 1.140980950420000038e-07 6.814644966520000402e-02 2.767380737329999847e-03 7.395525338390000392e-09 1.952938289690000009e-02 9.095554353810000325e-01
6.939699139390000218e-19 3.183950911979999812e-19 1.000000000000000000e+00 2.256425015670000081e-20 5.203362244459999792e-21 4.537790551409999724e-23 1.905288540210000087e-14 6.888756478409999752e-15 4.698063217209999620e-16 6.203974749380000038e-20
8.448800413189999636e-01 1.551199586810000086e-01 1.891504095200000066e-25 2.239101070159999925e-21 1.005737203469999995e-30 4.851134352080000125e-22 4.117768938000000164e-30 1.077979190539999915e-33 1.022850985479999941e-31 3.406128315849999975e-18
1.345380779719999957e-29 4.159560633750000185e-30 4.114189555880000141e-30 8.221804880079999704e-26 1.000000000000000000e+00 3.476237734219999949e-17 5.534220338929999900e-20 3.015747824019999964e-18 4.827313358029999866e-23 2.712599253989999940e-36
2.818829155879999827e-16 6.906327397840000406e-17 1.285361128860000009e-20 3.828859713009999941e-20 1.120977194119999990e-17 7.593409871740000039e-01 7.331157984919999407e-15 9.036316954919999401e-20 3.288455566920000179e-16 2.406590128259999961e-01
1.164004323900000033e-28 1.367023171460000010e-27 7.942596277949999877e-24 1.969418148959999998e-29 4.767926863420000279e-16 1.504252438329999984e-12 1.678357645970000034e-01 1.791993720990000052e-21 8.321642354020000187e-01 1.335683931319999973e-27
6.021630869880000039e-17 6.170197129409999867e-17 9.999538175290000330e-01 1.459148541429999877e-13 1.194606269819999949e-17 8.057201663309999819e-20 1.173317472619999994e-17 4.618247109069999770e-05 8.005395657719999765e-19 1.211359326549999965e-13
1.727362862920000079e-10 6.695951154089999684e-10 3.988665871660000034e-12 9.940446425059999980e-01 3.379433666859999744e-10 3.390211370999999990e-15 6.355758001920000002e-16 5.955356308929999828e-03 4.147879657529999815e-16 1.034647440629999915e-12
