1.707683059959999983e-17 6.623223570700000010e-06 2.223575286269999876e-21 1.196051532249999941e-11 9.999933767359999726e-01 4.791005273909999930e-18 7.562652735699999929e-21 2.826126084580000050e-11 3.551068298520000099e-18 5.605127307559999695e-15
8.413279151410000144e-11 4.915668438620000029e-08 3.792398060809999716e-08 4.379651754429999703e-05 3.386631964529999788e-04 6.322384591230000624e-05 9.650606173740000082e-09 9.182949927769999861e-04 9.983321850699999889e-01 3.037395623250000137e-04
1.581955730480000024e-10 1.861786412679999944e-24 2.250614800990000141e-18 5.856793992830000116e-21 5.007064206599999821e-15 2.365123563670000024e-19 2.593342988700000051e-20 5.655008405840000329e-05 7.291487709400000458e-11 9.999434496850000409e-01
3.294924114549999788e-08 3.617546598859999775e-10 1.454373477480000107e-03 8.134828191419999495e-08 4.268416333510000049e-01 1.020084097199999943e-11 8.731494946320000840e-06 5.715499861970000373e-01 5.876775122139999689e-07 1.445731331540000056e-04
6.561167312159999786e-10 9.999999993439999679e-01 1.033057900189999915e-21 5.577385226580000008e-16 6.919973009689999517e-16 1.098281819540000033e-16 1.488918685820000076e-17 3.134535361749999893e-27 1.434064985760000022e-22 3.328556774859999763e-24
9.462603801249999341e-19 1.281916181620000051e-14 2.846629025080000183e-18 9.999999999969999553e-01 9.313856568140000631e-18 1.148166703250000056e-13 4.247774723009999647e-21 4.103312182370000283e-23 2.842194908609999838e-12 2.565073015559999951e-23
9.999999999899999992e-01 9.390056047609999973e-12 1.727873564049999874e-13 3.392443323019999904e-15 4.194836125510000048e-27 1.440313309189999914e-22 3.592741328120000237e-17 8.894908495669999437e-20 6.223134843939999655e-19 5.025727393609999742e-17
2.060754892739999969e-19 3.633570081830000183e-28 8.633441386979999743e-01 1.208924783369999945e-27 1.445346731379999985e-28 5.885415185640000261e-16 1.366558613019999979e-01 1.658712351240000062e-15 7.788432379050000223e-21 1.361954720719999964e-28
9.422565060740000271e-07 4.881506298670000155e-13 1.823395226969999965e-10 1.401929063849999961e-08 1.098461183589999999e-08 1.844314167419999914e-06 2.526569585989999954e-10 3.307185921970000331e-02 2.079753409119999841e-02 9.461277946789999893e-01
1.014218483689999934e-23 1.533050820680000064e-13 7.823855261340000309e-15 5.273259723970000545e-26 2.173170868139999954e-25 9.999999995560000521e-01 4.439002257959999947e-10 1.145254972080000096e-28 2.698903638370000155e-13 4.799861299700000043e-19
