1.165876245899999929e-16 9.999989984949999577e-01 3.794877994390000136e-13 5.917191614019999941e-18 3.790345722190000098e-19 1.515389994520000088e-07 1.292875782669999994e-13 4.163387674040000318e-12 8.499615180460000000e-07 1.376925041769999929e-15
1.148117636890000015e-18 5.920398814179999864e-18 2.104740599580000040e-20 8.695046999440000168e-16 9.999999851540000151e-01 3.923152178829999751e-17 1.427028839390000026e-08 5.752067173750000123e-10 1.914628619310000053e-29 2.144968695710000077e-18
8.280743692770000401e-26 5.716187975089999791e-25 1.000000000000000000e+00 2.065035846580000059e-21 2.925240096030000271e-29 4.230068798719999887e-19 3.328964365310000098e-26 3.723319753359999934e-22 1.694476172330000127e-32 1.245999358349999910e-22
6.169803550200000375e-01 2.193724631200000117e-12 6.156182420929999679e-13 8.957220517699999379e-08 1.046677602179999938e-12 1.365265936009999941e-11 2.318020645659999879e-11 9.813961991089999254e-13 3.474966834699999830e-06 3.830160803989999807e-01
5.358325374309999664e-21 6.034398515050000351e-07 5.926066407100000119e-15 1.802752851230000144e-23 2.140742013619999850e-17 9.999993965600000312e-01 2.136724778349999909e-16 8.992098452939999547e-17 2.118100968080000008e-19 2.725687306589999986e-19
3.747441035640000084e-01 2.026384979099999858e-02 1.009572051110000046e-11 6.637821295750000129e-10 3.183395156440000279e-08 1.116748522680000038e-05 1.353994994109999907e-07 1.770338608190000120e-07 4.451707755909999897e-01 1.598097586280000093e-01
7.653737921329999868e-18 3.008597839439999893e-24 1.237958046419999958e-08 9.999999876199999749e-01 3.678424053619999911e-20 1.717687956930000105e-22 3.703898165170000172e-17 1.231278480240000032e-18 3.217994427740000142e-24 1.696592781700000098e-15
8.482228128280000501e-01 1.184591236560000122e-13 1.373557536789999966e-10 6.472739841729999806e-05 3.796164430900000150e-09 3.148463875430000013e-14 8.244431835529999269e-09 6.798165293789999565e-11 2.784297825870000155e-08 1.517124196849999884e-01
4.426600943330000281e-19 2.233462411330000114e-12 1.212849069519999977e-16 5.115516339120000012e-13 1.867631934149999801e-12 2.795315969289999889e-20 7.871440445779999406e-02 9.212855955380000461e-01 2.867728293220000123e-15 2.613567613100000037e-18
9.927180174979999529e-18 1.537000129790000055e-12 1.413262943599999985e-17 7.596250616490000098e-16 9.999171903450000398e-01 5.599009366329999742e-11 5.508635120260000235e-05 2.772324583330000095e-05 1.747189805990000036e-22 3.733154279419999901e-17
