5.624409035670000564e-17 7.449609553680000051e-23 9.715583132619999388e-12 1.461935892870000118e-16 1.745497488629999999e-19 4.868260103460000066e-16 1.187070475239999984e-17 9.999999999899999992e-01 5.348049958560000176e-14 1.147762675700000117e-19
7.369327892849999688e-29 9.231289734010000089e-18 4.232906075320000259e-29 1.779720227090000090e-19 1.000000000000000000e+00 4.061438546480000158e-22 9.980852007020000821e-25 1.264315364509999986e-24 6.316317732099999560e-29 9.808360570109999476e-31
5.761393834929999911e-24 4.768937701380000018e-18 1.000000000000000000e+00 4.376964619010000062e-15 1.867760520509999957e-21 8.084328121489999398e-15 1.563389306910000014e-23 7.958140531580000539e-18 1.013640964379999979e-18 2.153543905699999955e-14
3.274546969990000187e-09 1.175572572840000003e-07 4.000031486889999945e-05 3.656489525770000200e-05 2.302494514260000015e-08 5.980154806579999734e-04 2.007403752819999972e-10 9.993232104760000345e-01 1.491237459570000074e-06 5.735385540310000112e-07
5.079433738970000334e-02 3.761022183120000270e-05 7.845985953609999619e-01 4.993865072399999782e-08 1.004311026200000062e-05 2.116863213149999926e-07 1.645570407570000060e-01 1.055326908959999900e-06 1.926843856819999930e-08 1.036940406759999898e-06
1.127841083459999957e-11 1.264978452049999916e-07 4.675498889189999647e-13 3.198141468720000144e-03 3.716397023280000192e-13 4.767472675959999795e-06 1.469874051529999983e-12 6.361694523220000609e-17 7.460630962489999688e-17 9.967969645469999529e-01
4.867032631879999893e-17 9.999058839940000443e-01 2.067254832170000083e-19 2.662634338620000242e-13 5.396872076049999989e-15 9.411600560879999618e-05 8.385755132339999573e-20 3.873124365810000268e-21 2.311014972459999968e-15 1.744801163699999947e-19
6.742277140490000063e-16 6.004505216480000410e-13 7.643160428309999672e-15 3.007889632499999993e-02 5.513317887949999996e-11 1.297044644180000097e-07 2.920286620050000160e-15 2.923801013979999808e-16 1.278415368680000014e-14 9.699209739149999843e-01
2.526613464709999760e-16 6.023088588929999533e-23 1.096041846149999935e-24 5.440750752739999863e-18 1.139143486419999936e-24 1.829958769849999907e-16 1.372476788450000098e-15 1.667095552450000084e-17 1.000000000000000000e+00 1.665314233679999886e-26
7.631489205929999908e-01 1.628363178749999945e-24 4.145148437980000077e-31 2.286334925099999960e-27 1.363993864579999970e-23 2.878119704970000106e-31 2.368510794070000092e-01 3.144418839669999775e-25 1.361085263739999940e-21 2.799711205489999908e-25
