1.065139004580000016e-21 2.496200104370000096e-27 1.177298669690000011e-30 6.587723385510000280e-28 1.830987528879999970e-28 3.297844050640000305e-27 2.634726227009999906e-27 3.007840657629999914e-29 1.000000000000000000e+00 2.928603333190000204e-31
2.457476370629999994e-04 5.050234812260000000e-05 1.719639966439999986e-11 9.996647368219999663e-01 1.836595284480000128e-10 3.762739818660000248e-05 1.852084320819999964e-11 2.873711810949999970e-09 1.877944048139999947e-11 1.382682525899999974e-06
9.381290768190000462e-23 7.025702547369999423e-18 2.707600825780000177e-24 8.967051984029999349e-15 3.224515209309999908e-01 1.833386129890000011e-19 5.747139682699999739e-21 6.775484790689999537e-01 4.197316653980000133e-16 2.359905019239999901e-20
2.539684361650000066e-23 9.665297272869999969e-20 9.991448929349999730e-01 9.444601006470000473e-21 4.026263449169999997e-20 3.296119353659999966e-16 1.751653293400000108e-13 6.697629165099999686e-20 1.646987704180000097e-19 8.551070644290000283e-04
1.000000000000000000e+00 5.374960120779999907e-17 1.646578374390000103e-23 4.619688237600000007e-17 1.840473205460000110e-29 5.179474193020000310e-16 2.224916738249999930e-18 9.978468443410000066e-29 1.162488702689999988e-22 7.967237358740000096e-19
1.935585621779999908e-16 1.474010830389999977e-32 6.336598480480000047e-24 6.456800634960000546e-32 5.649324493360000305e-27 9.349481365740000764e-34 1.000000000000000000e+00 1.446556836209999930e-28 1.664019953550000040e-19 9.107590231480000548e-26
3.141090303070000244e-07 9.042882861860000005e-09 1.439918825810000076e-08 4.756213518819999986e-01 7.168462780199999669e-03 5.322746008489999843e-09 5.816431126830000440e-04 2.138119647759999936e-02 2.291098880029999828e-09 4.952470005829999744e-01
1.784034218830000073e-12 5.327687619329999749e-12 4.631380041290000025e-13 1.869931033559999977e-05 1.234692181389999976e-01 1.089159854999999932e-12 1.250019404270000058e-10 8.719578912109999802e-01 7.241412072089999292e-15 4.554191206389999677e-03
4.529395154739999864e-05 6.635540386839999805e-02 2.926246220090000238e-01 3.703726596540000153e-06 1.132172483629999976e-01 6.626183186459999597e-02 9.114507569489999636e-05 8.633357766870000671e-02 3.746502277959999905e-01 4.169456764500000185e-04
7.384898972140000192e-14 7.428078568699999495e-01 2.622661567959999956e-14 1.611112601139999856e-17 1.570016555459999919e-24 2.571921431299999949e-01 8.757557661450000001e-27 2.387049814680000139e-25 3.236954662560000029e-22 5.375499873599999838e-27
