9.269673619980000526e-21 1.507745115509999981e-21 6.745598127809999678e-01 5.136191285389999825e-17 5.400715905059999734e-19 3.387831058619999928e-23 3.254401872109999871e-01 1.758640369720000005e-28 8.517265643370000402e-12 4.920484635950000095e-24
5.215997700119999747e-01 4.783550414650000193e-01 6.818179377030000154e-12 2.270993331280000145e-11 6.954882413919999678e-11 4.343468884409999731e-05 1.206934168319999954e-09 8.645443659020000282e-07 1.134683764539999997e-08 8.766372822250000425e-07
8.320436371919999650e-07 1.049357111730000098e-12 5.725437991960000295e-10 2.170269314309999920e-01 1.371509808590000060e-08 7.491360626849999967e-08 4.723888961710000293e-11 7.829717926539999651e-01 7.752528946479999229e-12 3.546137023589999915e-07
2.158903931669999893e-08 2.313677712339999928e-02 1.699250313760000044e-07 5.503466094100000503e-10 9.768596288190000143e-01 1.376005969570000009e-06 4.852880206900000242e-09 1.719983117549999990e-06 2.889010300189999849e-07 1.224966469680000001e-08
2.827254190969999989e-14 8.379380707419999609e-14 3.848302491899999733e-01 3.699975116100000288e-20 1.088017496180000029e-20 2.174242091100000057e-17 6.151697508090000488e-01 5.983224704840000389e-25 5.033763607119999742e-14 1.076339699510000077e-21
2.484942002920000044e-11 5.934367412539999925e-12 7.994550744429999740e-12 3.341745780929999844e-15 2.830934356299999822e-12 5.081434967579999677e-15 1.975535563870000062e-13 9.237869450579999502e-09 9.999999907159999868e-01 4.452875475590000020e-12
3.002284227130000058e-04 1.427023281299999946e-11 7.207206406250000371e-17 4.430752043680000122e-18 3.298740861979999929e-16 3.493288919619999865e-13 2.502860942870000061e-18 4.473473971870000193e-07 1.201179329099999950e-17 9.996993242149999626e-01
3.811400234130000017e-17 4.871400637020000294e-06 1.057106935780000054e-27 2.544884246740000164e-18 4.468578569029999878e-29 9.999951285989999716e-01 1.247322898270000072e-28 3.709410260549999753e-13 2.818470491689999860e-24 4.917544267879999810e-20
1.160619274829999990e-27 4.939821172129999988e-33 7.030322251660000708e-27 1.000000000000000000e+00 1.151776485550000083e-27 9.134853607810000576e-22 5.664791608490000200e-30 5.364260759399999995e-23 6.826943157250000502e-26 4.880673885500000018e-21
4.851122832870000261e-18 9.486472904489999426e-16 8.561218069940000345e-18 2.161464715020000009e-19 1.000000000000000000e+00 1.639298969850000013e-21 2.066271255760000124e-18 3.224560892640000011e-13 1.391804702419999961e-17 3.663640012329999777e-19
