1.702766320459999985e-11 7.033146142289999806e-27 2.895149114320000115e-32 1.942752547259999980e-25 3.109829041669999824e-36 3.119108715019999869e-22 2.755566483399999860e-30 2.195413159350000084e-32 9.999999999830000430e-01 5.034320524799999691e-28
1.190123381429999966e-23 4.352564240939999557e-25 1.000000000000000000e+00 2.745097302129999835e-24 2.476371793080000055e-22 4.318637792840000288e-17 3.018510912740000230e-16 1.642025054180000048e-26 4.247375595400000149e-28 8.333274398769999970e-24
2.136426143389999916e-16 1.612685493140000094e-05 4.559409691299999901e-15 8.437649644539999590e-07 8.519650983419999601e-01 2.600887148230000004e-13 3.894925351770000172e-11 1.480179308169999874e-01 4.696405877349999556e-16 1.817866823800000111e-10
3.219448611569999905e-23 3.018946012560000044e-19 5.660624308689999543e-19 9.999999999969999553e-01 1.239944801280000010e-12 1.315908713170000032e-15 1.102703791180000027e-12 6.592765127479999963e-13 3.051350705150000169e-16 4.814067188569999751e-16
1.374116249650000060e-22 3.242260970469999955e-28 4.054647410209999850e-17 8.854842245970000361e-24 2.590281425179999796e-28 1.000000000000000000e+00 1.990125868580000100e-35 2.697817811829999847e-21 1.663137329399999919e-16 8.813311220930000155e-14
1.019579946520000058e-01 7.485245781599999537e-01 1.442212287049999923e-02 5.708969866700000367e-06 1.002291427329999988e-04 7.555950266100000534e-02 1.511902685769999895e-04 1.722651079789999868e-04 5.910511283969999835e-02 1.295328335080000026e-06
2.666544667150000187e-12 1.733307111060000008e-20 2.148089639840000066e-14 1.321434067920000108e-10 4.980314376499999799e-23 4.706254888459999737e-29 9.999999998649999888e-01 5.249586455650000287e-24 4.015803623070000112e-20 4.288256480399999961e-14
2.910053481039999723e-01 7.083202645909999484e-01 3.250474663580000030e-06 8.896156362259999641e-09 1.538637086100000102e-04 5.324969622399999975e-08 3.705422110099999773e-05 4.408001561039999873e-04 3.737851934959999882e-07 3.898281356250000225e-05
8.103276679970000286e-10 4.590884135759999984e-01 1.792008198130000134e-08 1.146684512980000094e-09 4.952228684830000116e-01 3.846304578869999811e-10 3.374330521690000002e-10 4.568869707809999903e-02 7.475613172559999457e-12 2.557797379900000181e-10
4.416933460669999635e-12 1.027682272910000005e-21 7.133450866140000299e-20 1.264889592440000033e-15 1.262680214629999978e-15 1.081882285410000085e-12 9.410900198480000576e-17 4.213742796479999776e-14 8.129072824779999512e-24 9.999999999940000217e-01
