8.075301626689999901e-02 5.546453388809999892e-05 5.448791690950000044e-02 1.458287754790000001e-01 6.791836672509999895e-01 6.758402767029999571e-04 1.021064054549999933e-02 1.561614555900000091e-03 2.786611919680000160e-03 2.445645226250000095e-02
1.000000000000000000e+00 3.666761310130000033e-18 5.079718168660000094e-26 4.136535908230000156e-16 9.557211881869999618e-25 3.212144171000000137e-24 2.379839454799999823e-27 1.026936067939999925e-33 9.207004353259999388e-31 1.825361501050000058e-22
2.474209821029999906e-08 6.372614901580000263e-10 1.384914346280000029e-08 6.699169318260000429e-04 4.350887534540000246e-09 9.699558313360000517e-01 8.554968690470000338e-08 8.963711563250000668e-09 2.901571037289999919e-02 3.584032665349999938e-04
6.185281578349999779e-31 7.719118023900000196e-39 3.739698217169999950e-01 4.979799934160000191e-29 1.205931724289999993e-41 1.936699080670000068e-27 6.260301782830000050e-01 5.829481102140000463e-35 2.985252619560000072e-36 2.208945356679999860e-23
7.944839532520000210e-16 1.527950247210000079e-12 3.897643144060000115e-17 9.494347958150000228e-09 4.745680057789999731e-12 2.479263128829999970e-15 1.381864722670000038e-18 1.182323442599999959e-12 9.999979419990000507e-01 2.048498867009999832e-06
1.910210037160000056e-07 5.809255072069999979e-08 7.363832973940000513e-07 1.247561921970000064e-11 1.209195579970000038e-02 1.423359693210000108e-04 5.245855313919999789e-06 9.877594767459999536e-01 1.207517894810000092e-10 3.053823718800000284e-14
8.571074571430000628e-08 7.825395157329999903e-04 1.572961019789999957e-07 7.753902148019999829e-09 3.956470417599999845e-02 5.890257813029999706e-02 3.939973567309999935e-09 8.604443508129999696e-01 4.030238184450000288e-02 3.190819895899999900e-06
2.123931486600000022e-14 4.779751640580000475e-19 4.898864190990000397e-13 4.746870304190000112e-01 4.389979509300000118e-16 8.389334903989999855e-18 8.341219878040000438e-16 1.234476030049999939e-21 5.543941869479999729e-06 5.253074256390000141e-01
2.364601315400000102e-12 1.829506469310000031e-11 4.184786765169999807e-12 7.405394890740000562e-17 1.558528898830000023e-09 9.999999982530000109e-01 5.967039612310000254e-12 1.572198679889999994e-10 7.833840152030000499e-15 1.372574134549999997e-15
3.418245258799999685e-24 1.000000000000000000e+00 9.519548270060000417e-34 2.372181589689999941e-39 3.081953458250000185e-18 1.145831303130000073e-24 1.967440632279999939e-32 3.727716388580000017e-29 1.347277880569999981e-30 7.007486772540000171e-31
