5.021373201329999765e-14 5.568947514769999607e-01 1.868361003229999920e-16 2.872370562359999812e-12 3.924431854670000344e-12 2.643390442180000181e-10 4.773473711969999550e-13 1.302590353460000050e-18 4.431052339720000233e-01 1.427904482429999989e-08
2.734454374959999880e-24 3.146569835749999796e-19 4.720202433699999675e-24 2.148619651339999900e-20 1.620641260829999986e-01 2.699808298650000083e-27 8.689824237540000821e-22 8.379358739169999737e-01 1.979121879099999871e-30 1.135906585029999938e-24
8.607460160490000252e-28 7.039864456329999928e-32 1.000000000000000000e+00 1.017242059380000080e-34 3.237193046270000051e-29 1.752872975719999975e-32 7.178377938170000410e-20 4.076179280949999966e-24 1.344878446700000019e-27 1.028299694990000002e-21
1.279156257320000111e-13 4.200273875419999886e-02 3.540415404849999911e-11 3.943579851819999859e-08 9.579643337609999865e-01 6.964900768340000015e-09 2.498789991270000134e-12 2.742282483460000122e-05 5.455378194800000375e-06 2.842637952859999908e-09
4.213632463690000056e-14 5.805713044169999623e-18 8.997790360470000427e-20 9.999999444060000409e-01 2.065645630319999944e-17 2.520271024589999809e-22 1.083544565389999984e-20 3.437427389660000164e-15 8.127708306770000295e-10 5.478117965619999779e-08
3.458056677000000146e-26 5.265138496339999993e-18 2.112029168080000160e-28 2.849165699250000204e-29 1.432430635030000032e-21 1.000000000000000000e+00 4.320879889500000240e-25 2.754264819270000008e-25 4.765810884139999918e-22 4.228481920689999779e-21
1.000000000000000000e+00 1.163795809489999918e-24 2.704925800630000126e-20 1.124056401230000033e-15 5.521857146180000301e-24 1.099392419709999977e-26 2.550734022220000133e-15 2.405245949189999817e-16 1.068773600229999968e-16 9.490030170399999589e-17
1.110572862660000019e-14 3.147602891979999785e-13 2.802306424299999866e-10 2.107914840219999935e-07 1.222397342560000010e-17 1.555739290170000062e-12 3.748054825739999923e-17 1.052987218889999939e-14 3.571275933830000019e-07 9.999994317989999715e-01
5.202653695079999986e-08 2.523254438340000115e-16 1.210633025990000088e-07 9.354981528990000867e-19 3.083965745270000064e-14 3.795923246740000127e-12 9.999998268299999937e-01 7.476330256709999842e-11 1.386637846879999945e-12 2.737159220620000077e-13
2.169318208129999927e-07 5.864271707929999698e-06 2.159579926769999816e-06 6.083067836000000047e-06 1.002510030910000045e-12 3.396068899910000059e-04 9.921410811299999910e-01 2.218879102270000049e-08 4.780800691140000246e-03 2.724165247320000163e-03
