5.921174958209999972e-28 3.454416123729999911e-29 4.690330641820000065e-26 1.000000000000000000e+00 4.374018939910000004e-19 4.629289120659999732e-23 4.446311460150000120e-24 8.065668500810000498e-17 9.502298235289999355e-19 3.466691561239999855e-15
1.951014761889999978e-27 4.993479635170000353e-19 4.898582883709999847e-24 3.242205884369999789e-19 1.000000000000000000e+00 3.061051757259999915e-24 1.186754087020000074e-24 3.908373140390000160e-14 4.235528440359999804e-19 1.217245399819999926e-27
7.948083173769999562e-06 1.512108583970000033e-03 7.894385191730000277e-05 4.845842044959999921e-06 6.571387738919999555e-02 3.157628897859999759e-08 1.318027347159999986e-06 8.220063481310000185e-09 9.326806440529999964e-01 2.743732859399999941e-07
4.244036582129999621e-18 4.382533106819999859e-26 2.952078692040000028e-19 3.443051282089999995e-17 6.566497422439999847e-25 2.984903622020000135e-27 4.507247350879999906e-23 7.612465855010000266e-19 1.703798374970000027e-14 1.000000000000000000e+00
7.934712899549999769e-27 2.686452282619999902e-17 7.991610932389999603e-27 8.437138232670000514e-21 3.977302877429999832e-14 6.886891636219999515e-10 2.323869012239999900e-20 9.999999993110000318e-01 9.237021529569999480e-23 2.953249741329999750e-20
9.215703575589999641e-01 2.569399753549999841e-11 2.431202461430000143e-11 1.096791042719999937e-17 1.116768283729999990e-18 8.551753809120000394e-17 7.842964238650000641e-02 7.338402241009999797e-15 1.130822018690000013e-16 4.157213691720000353e-12
7.779453233339999750e-06 3.019439896929999985e-14 5.830200400509999666e-11 4.025417356040000144e-14 3.521312232170000075e-12 1.615609673369999944e-13 9.999921422359999701e-01 7.824852249390000264e-08 5.867183784789999773e-18 1.504612556879999881e-14
1.294058227359999935e-26 1.397160041790000010e-30 1.000000000000000000e+00 1.392469863729999973e-27 5.504114048110000110e-24 3.973857522079999642e-21 1.226910161290000062e-18 9.432682241209999570e-35 3.011734109779999951e-25 4.236909121860000275e-29
7.644159445680000345e-06 2.883159280200000185e-04 2.724477462670000023e-12 1.837924657929999916e-11 6.098663964519999544e-13 2.245220921080000092e-12 4.978434976989999763e-09 2.945833527040000051e-12 9.997040347200000232e-01 1.870890713829999882e-10
9.114613783640000763e-15 5.272204674369999899e-02 1.167322033030000059e-17 9.060086392280000378e-21 1.913028727209999957e-19 9.472779410260000477e-01 4.214431344789999986e-16 4.623001745840000339e-09 7.607108870130000055e-09 4.872490094990000404e-25
