5.813048058529999841e-25 8.049196920879999722e-11 1.162022880510000009e-10 1.398330546240000092e-18 2.682710828359999984e-10 2.257147300559999965e-22 1.532219391749999926e-18 9.999999995349999615e-01 8.916008412040000189e-28 3.117642245539999957e-19
1.424791724429999996e-04 4.316215503639999757e-07 2.876951908989999909e-07 7.964938440409999876e-01 6.305714771300000021e-03 1.576730352890000075e-01 1.252182061869999920e-06 3.275479581960000219e-02 1.199883094629999912e-03 5.428276313119999655e-03
5.702775181950000287e-13 1.401145039739999922e-20 9.359093757370000286e-20 3.705474358290000239e-10 2.079877584500000097e-18 8.924269597600000577e-15 6.548350262369999588e-10 8.726360934900000575e-22 6.379911366599999873e-11 9.999999989100000208e-01
1.204823980850000023e-10 4.889741074710000218e-02 2.027179229599999910e-02 4.839860226350000227e-14 2.566396548620000079e-02 7.509699392550000340e-09 5.081155109529999895e-09 9.051668187420000011e-01 3.711596455020000030e-12 1.361952400710000018e-11
1.203446612630000089e-09 4.254292887630000131e-01 1.605537130689999870e-01 2.004961245139999979e-07 2.016261289069999907e-01 4.490957209739999917e-10 2.888362900470000132e-09 1.935757135229999870e-02 1.930330869499999880e-01 5.921239077720000049e-09
5.762917823139999734e-04 1.051335767229999978e-07 6.116784974990000357e-08 7.519935308079999785e-21 2.516295874849999850e-20 4.160626169059999877e-17 9.994235419160000244e-01 4.148500923249999935e-16 2.360849671600000103e-18 1.155942818869999937e-13
7.668026862360000176e-22 1.186838385319999916e-15 6.911218457839999837e-17 1.498934891359999973e-18 1.087154666509999973e-16 2.790557757990000138e-24 4.012482787909999872e-20 1.028805332040000041e-29 1.000000000000000000e+00 1.198310470410000093e-18
9.878167876660000069e-01 1.741670189869999864e-08 1.009669450659999924e-08 3.069533152830000242e-17 3.836507834980000006e-09 1.218074378570000067e-02 2.435945962860000083e-06 1.685366462580000018e-15 9.284207245069999504e-10 3.245128957220000189e-10
1.535470833360000023e-24 7.239730181090000104e-38 3.597071527889999759e-38 4.521806533600000321e-27 8.514015661070000234e-21 1.000000000000000000e+00 3.458364410619999822e-32 1.179839374460000048e-28 4.984063268409999915e-29 2.139199100169999898e-23
2.877912169979999975e-21 2.110375670790000088e-30 3.894966907659999894e-32 9.999999990329999644e-01 4.051347988680000076e-17 4.377064196839999924e-18 2.324228981569999850e-17 1.776764925889999841e-18 3.538850094719999944e-14 9.664875471199999713e-10
