8.627849723870000203e-09 1.244331538759999929e-11 9.628572049760000251e-01 2.119708640450000091e-13 5.612528610369999887e-17 4.090058509239999914e-13 3.714278638099999946e-02 1.098102653139999994e-16 1.975626465360000103e-12 3.938614654220000002e-13
7.390685432829999410e-20 1.870565232050000024e-12 1.919252089309999878e-17 3.621070540079999960e-10 9.999999920390000296e-01 4.806371074820000200e-20 2.527707824519999972e-13 6.755866463430000060e-09 1.097101334909999950e-10 7.307291640469999648e-10
8.510374763679999648e-16 2.712658844320000082e-14 4.429909071350000005e-01 1.914430803929999996e-16 3.880598814540000120e-09 3.084798935489999963e-17 5.570090766330000331e-01 4.869229254199999692e-22 1.900643155169999944e-09 1.045080642500000033e-08
2.121773746230000176e-25 2.774150732710000069e-31 9.118737666849999548e-20 2.708287299280000055e-28 1.314975966389999896e-29 1.000000000000000000e+00 3.356639664220000067e-26 6.365513626800000173e-26 9.189097968759999782e-20 1.301092202059999931e-21
6.099694032929999787e-01 3.884328907519999929e-01 4.875161308249999836e-07 1.001352436180000027e-05 2.179262751990000086e-08 1.214679915969999938e-05 1.742854897650000020e-04 1.399367835310000091e-03 7.179174746260000251e-07 6.650806319009999935e-07
2.670471625910000179e-23 1.064377422539999975e-30 4.411155887429999946e-33 9.999999999849999988e-01 2.082860996900000084e-27 1.137992190319999949e-30 1.983157130730000009e-28 1.522761352639999995e-11 9.374493971930000369e-34 9.379852601570000432e-34
1.587468529080000103e-26 2.639540909769999834e-30 3.226043176270000292e-23 8.010635760659999370e-21 1.701916974669999973e-13 7.769343566920000340e-25 1.998550727229999964e-17 4.430762828300000238e-24 4.133675030660000083e-01 5.866324969339999917e-01
2.403115456490000165e-06 3.404859718569999817e-11 2.379848316380000147e-09 8.698709011540000453e-05 1.513050612690000089e-08 5.188429531560000418e-01 1.403587238599999934e-08 4.808685030259999826e-01 1.395921775390000091e-04 5.952985462140000062e-05
5.701652055410000308e-01 6.285556317269999638e-02 8.649353748119999576e-05 2.826976688239999855e-03 4.049426623579999770e-04 1.659347687180000004e-03 1.302090026200000000e-02 2.027508215980000084e-01 7.573530414800000443e-02 7.049444470269999874e-02
5.963159815759999909e-04 9.994036827800000244e-01 1.354572163569999960e-23 3.536492804590000031e-22 3.945741771279999669e-24 1.033763085089999970e-23 5.121929898229999830e-20 1.237990309099999905e-09 2.315513154660000158e-25 5.650227085509999619e-25
