1.527011144530000043e-12 7.364467646750000788e-12 1.666238198920000084e-22 1.875902084309999930e-18 3.280581449429999906e-18 1.338304443130000059e-08 3.643999812129999795e-20 1.528856228640000011e-25 9.999999866080000466e-01 1.028201590499999949e-18
4.255789508749999821e-12 9.955792559939999623e-08 1.713964812659999874e-14 1.140286748990000076e-12 9.714268317490000193e-01 2.931818793889999878e-06 2.116469370310000020e-07 2.856992516390000070e-02 5.758742411699999718e-11 7.862963220140000573e-14
3.103749066150000209e-11 2.527968883689999946e-01 7.461583823789999539e-16 6.225212515300000231e-15 6.271424581130000240e-09 7.472028891459999711e-01 2.880201743349999874e-11 3.713077148590000216e-10 2.157820389689999991e-07 1.530274541450000148e-14
1.193929348989999971e-04 4.871291872420000236e-07 2.882897765440000025e-09 7.439580266149999899e-01 9.124417842409999948e-04 6.190685684800000096e-08 2.567604287259999822e-12 5.630404937359999969e-08 4.497367445919999634e-06 2.550050330729999870e-01
1.000000000000000000e+00 2.771171263769999786e-16 1.431797497909999925e-16 2.773581859880000175e-21 1.811927764309999939e-19 1.798382337149999939e-16 3.909899704430000107e-21 2.004230093059999996e-31 1.039824116909999935e-15 3.928751221289999844e-21
2.795692278340000001e-09 1.571616394830000067e-11 3.854547063049999871e-12 3.823145691850000083e-01 5.838040982890000425e-11 2.158043297530000167e-12 9.790959520949999163e-13 1.365384188659999973e-10 2.423402240049999860e-08 6.176854035669999687e-01
5.619678655489999835e-20 4.175791803150000000e-09 3.341159202340000019e-03 2.209498838510000002e-20 1.354067072560000049e-19 1.413668792529999921e-11 9.966588366080000316e-01 5.245048752249999852e-15 1.250030261289999995e-20 3.965235227050000200e-20
8.697744216110000366e-36 2.729182304789999919e-21 4.271254820649999938e-27 1.304551056620000069e-21 3.038002989580000038e-14 2.601915942770000094e-16 4.395749173720000308e-21 1.000000000000000000e+00 3.969952111849999810e-31 1.177688558119999991e-22
3.436805840369999863e-12 8.322071934220000140e-09 3.869506539290000017e-07 3.980277376860000271e-01 2.503993914580000048e-11 1.590594200990000122e-11 1.839559446839999994e-12 2.021995271200000046e-11 1.471030913349999938e-12 6.019718669739999584e-01
2.891996906840000254e-20 3.130283580729999906e-18 9.999996329520000060e-01 1.843297113110000093e-20 2.645460391580000014e-32 2.213723914100000175e-22 3.670478261399999842e-07 3.215679322009999988e-26 1.098236695060000069e-24 1.952019714880000132e-21
