3.091229772439999984e-18 4.811851490279999879e-15 9.318789496070000178e-01 3.747998398850000210e-18 1.937403338039999863e-18 3.120139526269999969e-14 6.812105039280000329e-02 3.981186915139999810e-16 5.700182483130000052e-13 8.544699545709999658e-20
9.999646834169999554e-01 4.467207299009999912e-11 5.392709919199999623e-15 1.467714886389999956e-07 5.474254007710000150e-11 3.370224519870000133e-10 1.168337782089999952e-11 1.159159877630000006e-11 3.516929732469999793e-05 5.440898625319999731e-11
3.593388926529999840e-21 9.467386598720000102e-01 7.977093476540000286e-24 3.049426731100000002e-16 2.815753805879999811e-25 5.326134012770000065e-02 3.193138664489999826e-28 3.350105051529999851e-28 3.233996113139999753e-32 2.420496779179999974e-26
5.334174711510000308e-24 8.906123314160000824e-19 5.640489394530000358e-21 1.098528394239999951e-13 8.167762189670000339e-01 9.768855930010000586e-18 3.207842086969999993e-25 1.832237810329999939e-01 2.862044687619999848e-16 1.551187246650000106e-20
1.214901360220000000e-18 2.782281427810000039e-18 4.358941670500000032e-01 2.036877443260000177e-15 1.859800069650000074e-13 1.659509888050000076e-16 5.641058312009999964e-01 1.958049892039999834e-12 1.746689872030000002e-09 3.163286391419999991e-14
3.629010895039999993e-14 1.503472875189999940e-09 8.824433903040000007e-11 5.235706136539999944e-09 5.723923758190000433e-01 1.947867296210000071e-09 6.313578839649999519e-16 4.276076151759999888e-01 1.809983767240000042e-10 4.883158086870000174e-11
5.118716326159999780e-10 5.364892683869999984e-12 2.704618563670000017e-14 5.742832957620000456e-04 1.652754368510000079e-19 6.348636880030000194e-13 1.051844925450000007e-18 1.293415736070000050e-18 6.172080711570000214e-15 9.994257161859999572e-01
4.027353576330000359e-18 2.999471519179999812e-18 2.067403316079999906e-17 5.632807159189999599e-04 2.944968136890000151e-18 4.344433100810000364e-19 5.009846753640000342e-24 1.387329336800000032e-18 1.152541585090000016e-20 9.994367192840000191e-01
9.999997993870000101e-01 6.748142240740000197e-09 2.275097592509999926e-18 6.275746946460000122e-15 8.068389552840000072e-19 1.925754338090000012e-07 9.721975853469999482e-18 2.914295993380000228e-19 1.289318810110000053e-09 1.788187008159999966e-19
3.577145809950000189e-03 6.613874232749999836e-16 9.056095823029999989e-10 2.353780797740000143e-12 6.316121154809999734e-14 4.352667069190000206e-16 1.164662165330000027e-03 9.008617198380000521e-15 9.952581911169999795e-01 5.533093720890000235e-14
