7.642262934410000235e-31 2.215051143709999877e-20 5.489613692539999593e-19 5.204045456760000468e-22 5.098377791779999930e-25 4.420495515240000058e-25 4.155413934840000048e-34 3.111420026940000165e-24 1.000000000000000000e+00 2.057897300299999848e-17
3.319075559660000158e-16 7.090081214450000251e-13 1.601280364019999902e-01 6.947608352579999867e-17 3.448497539630000146e-18 8.398719635970000041e-01 5.853847862549999823e-15 1.019098615549999969e-19 5.979735433499999932e-22 7.495046209340000593e-21
6.756088275419999458e-11 1.385100256040000021e-09 3.332981102029999951e-03 2.765174499530000048e-14 9.966657827989999774e-01 1.234623063730000014e-06 1.793637565640000128e-11 4.320976649529999971e-12 4.947162987140000338e-13 3.610192014460000285e-14
2.022340246709999995e-19 1.411979988990000074e-12 2.510106012170000261e-07 9.998901987930000068e-01 2.997094658149999992e-16 2.662158025189999821e-13 1.243811264559999954e-21 3.048018504029999826e-12 1.095501891599999939e-04 2.775493142560000036e-12
3.036303644209999847e-02 2.200189941520000138e-12 7.964322437050000573e-15 4.395954449709999633e-18 4.495094197389999760e-20 9.165709114899999806e-15 9.428869570679999645e-01 6.795175521800000209e-17 3.264374883720000128e-13 2.675000648699999914e-02
2.624528402709999885e-11 2.510255205229999899e-11 2.021933799510000061e-10 9.999999992029999785e-01 1.563500151119999861e-14 1.828896475510000094e-10 6.378461854360000390e-11 8.917660878420000346e-12 2.583194393499999893e-16 2.880411758789999958e-10
1.799365581769999944e-01 6.529569556820000427e-11 2.460821821559999978e-14 7.766169920489999718e-17 5.830589388289999842e-13 2.356323854930000125e-14 2.158733644820000075e-01 7.426638695150000478e-16 2.338722151700000018e-14 6.041900772749999593e-01
3.398776574220000113e-18 1.374065624569999882e-20 1.350246898700000040e-16 4.612772577210000072e-18 1.000000000000000000e+00 3.663832004759999735e-20 4.713779354550000102e-21 1.737942826159999884e-14 4.497834118399999776e-24 1.409931436070000024e-22
4.146720122559999751e-12 9.999959461180000231e-01 8.183918384089999630e-12 2.562247934110000113e-17 3.536038016969999904e-14 3.997556667799999851e-06 7.835110275060000766e-12 5.630550262440000001e-08 2.939906649040000151e-16 6.790127432699999671e-20
1.359383025589999978e-16 2.250571501839999849e-15 5.704890984179999996e-19 3.003915038150000175e-17 2.988391761230000141e-13 5.049147840650000200e-24 7.791812759320000394e-19 1.000000000000000000e+00 7.752864340330000437e-19 4.556653841650000202e-23
