1.231704448979999947e-33 2.785605202570000151e-35 2.245948268590000023e-30 9.999999993120000097e-01 8.425707494469999128e-28 3.513828869079999954e-35 6.877906115290000263e-10 2.153959794839999895e-37 3.291419897809999997e-31 6.206247226330000221e-30
7.990053106549999784e-10 1.240522355249999947e-11 7.510198067609999972e-01 5.518424499160000242e-08 1.081484072840000066e-15 5.033653317070000216e-11 2.489797722509999867e-01 2.192622820699999880e-18 6.906306682469999479e-17 3.649418631449999893e-07
3.553670316820000046e-13 9.999998286960000149e-01 1.883057409209999959e-13 2.265015728949999994e-17 8.460597422469999946e-15 1.079660772510000068e-12 1.713021950539999917e-07 5.633511120630000198e-16 2.944415627640000000e-14 4.016373108319999682e-21
2.466114528400000003e-21 2.632503954900000046e-12 9.428575121239999999e-14 2.683565081690000026e-15 6.787074132020000095e-01 6.222632616750000189e-19 6.611336041020000095e-15 3.212925805749999864e-01 8.900432392459999658e-14 6.220631684380000227e-09
6.575361589810000080e-12 2.433062748549999960e-25 2.166563911490000053e-03 1.075519460340000026e-13 3.133712972109999946e-20 9.228278795609999675e-15 1.507463300839999948e-10 4.327320642819999612e-15 3.727877210390000197e-22 9.978334359310000456e-01
2.072825962520000126e-15 7.686316999119999526e-14 8.528998046059999404e-15 8.276479408809999899e-14 1.249904387589999963e-16 1.254833524620000003e-13 1.210794404559999967e-19 2.631284311459999748e-13 9.999999999990000221e-01 2.268698998250000038e-17
4.127241373050000162e-02 3.345362021430000055e-01 9.469688918350000189e-04 4.463978727109999987e-04 2.753286175879999988e-03 4.414754659529999958e-02 1.763523919869999963e-04 5.629813973889999934e-01 1.278104739159999876e-04 1.261162433580000075e-02
1.046757390980000078e-15 1.652078021790000044e-09 3.771162772099999887e-10 1.808972552120000067e-13 2.744834059959999975e-02 8.266019174320000315e-14 4.929857791899999753e-13 9.725514509520000184e-01 4.208632459829999982e-11 2.063766201009999906e-07
1.184989882169999917e-10 3.803366130320000399e-09 3.303963067970000130e-12 1.261024038790000000e-12 4.815476361119999637e-16 1.361396054280000009e-08 1.693108225500000012e-12 1.912393050140000154e-14 9.999999824580000363e-01 1.318034919700000040e-18
6.732403648160000253e-01 3.060353470900000227e-17 1.179341616639999932e-11 2.693606302450000053e-21 1.553750569060000051e-25 3.267596351709999847e-01 1.285894166349999945e-12 9.167166750560000333e-23 1.232772998210000008e-13 4.308142123400000206e-15
