2.041032074859999866e-20 1.589200431430000049e-18 1.376651150580000012e-08 2.876880303040000016e-19 3.065960272430000153e-11 2.456703222629999855e-14 1.706003502000000092e-18 9.999999857389999525e-01 2.602118616060000150e-14 4.633383301409999972e-10
8.567559818349999726e-04 6.210377501859999506e-11 1.474163512479999897e-09 5.678569149249999837e-02 7.829653925919999384e-14 1.357728271439999957e-12 4.159719416079999954e-01 1.411978542839999965e-09 3.334378858569999880e-08 5.263855746240000411e-01
2.985701787600000268e-01 3.979425347980000273e-15 1.577273286159999958e-18 3.842979189210000263e-14 7.330476682160000363e-18 1.276207247640000032e-25 7.014298212389999954e-01 4.503277430400000013e-21 2.122667587859999907e-21 9.811414074239999159e-13
5.478692969859999895e-14 4.210116434649999862e-17 3.651572639659999899e-17 8.199981832209999536e-22 1.848464928150000074e-19 9.999999997470000457e-01 1.867109209289999903e-19 7.212293561709999236e-18 1.292925177889999966e-19 2.527270499110000246e-10
9.049273882819999985e-10 1.894762689360000014e-11 2.223495246490000022e-07 1.034730779220000048e-06 9.281894284270000338e-09 1.068695998319999925e-11 1.851259869569999873e-08 9.863102784670000345e-01 1.715981218990000146e-08 1.368841856400000029e-02
1.821140374839999974e-31 6.103472379550000364e-18 2.806727780339999980e-32 5.650838379380000293e-30 1.341122816769999966e-30 3.172708863189999976e-25 4.382270511080000031e-37 1.511840498140000068e-27 1.000000000000000000e+00 7.332012825199999593e-27
1.613783952400000120e-11 4.851165729349999771e-08 1.016346378240000035e-19 2.327668096929999950e-22 9.999999514720000482e-01 1.940473786590000103e-20 7.671543531650000002e-18 9.154921806860000441e-15 9.207732687069999651e-20 7.067617206130000137e-19
3.349345242800000097e-19 9.999999999709999754e-01 1.933673732799999938e-23 1.795269597660000090e-17 1.849979585449999997e-15 5.725135580860000024e-20 2.100974021690000042e-22 9.860299489710000323e-26 2.901936548930000114e-11 2.104451833559999953e-25
5.709538558130000484e-13 2.360370248369999922e-12 6.693178832040000392e-13 9.999779200699999704e-01 2.358593234419999946e-18 1.417085868590000122e-17 1.901441480979999975e-08 3.610540796620000167e-11 9.660449231349999956e-14 2.206087608019999849e-05
1.817777760200000150e-18 1.256175355010000030e-19 9.999999999990000221e-01 1.062439268089999981e-20 2.155974900300000115e-17 8.513811689310000038e-13 5.135851116020000285e-14 2.740715607040000042e-13 1.463382377049999910e-24 1.410651111150000001e-15
