2.716285407690000074e-06 1.438709090340000059e-02 1.945994262419999954e-01 3.462012521250000252e-01 5.374185753700000338e-06 2.875206410370000076e-03 9.770725065299999679e-02 3.403581263870000262e-01 6.084122289430000484e-07 3.862948395240000179e-03
5.198724797279999884e-18 4.189096585500000202e-17 2.342052794290000023e-18 8.007496348620000208e-19 4.192697452590000151e-01 5.807272990890000042e-01 6.337097963090000253e-16 2.955651419720000014e-06 1.681215426440000115e-14 1.500625660169999952e-16
8.575609824250000264e-22 1.017081247839999946e-13 4.994343887840000277e-11 4.424147400959999626e-09 5.222274960839999605e-09 1.379394804310000045e-04 2.110066146750000081e-10 9.998620506119999529e-01 9.539408739250000842e-19 1.799493470819999992e-14
1.665288469090000111e-26 1.134428558869999964e-21 1.715708138739999895e-22 9.999413242139999491e-01 3.592522603129999870e-27 1.402334628470000065e-22 9.060741661329999821e-29 8.393266510019999910e-22 1.732208593849999953e-29 5.867578563779999738e-05
3.748135269030000161e-01 5.188617466419999653e-10 1.032082334169999919e-09 8.461700086440000385e-09 4.252749015440000279e-08 3.109548021969999754e-07 6.071236467239999879e-01 1.069432761139999959e-07 4.337406541270000287e-09 1.806235159699999884e-02
5.366951192619999754e-22 6.531426692780000209e-01 4.200855517500000075e-18 4.862045495960000431e-31 1.267219203290000029e-23 1.160748590719999950e-23 1.592952152769999974e-34 1.352486803760000070e-34 3.468573307219999791e-01 2.510597049549999905e-21
2.809501690489999981e-01 1.330105786869999933e-10 8.122244481459999706e-16 3.615389275560000157e-08 3.705218081670000191e-09 1.017119352899999997e-09 3.777265337489999788e-10 2.404275821840000070e-16 5.894287193730000175e-09 7.190497836700000533e-01
8.238794336099999922e-48 2.449446601529999972e-23 1.000000000000000000e+00 1.086319936770000048e-32 3.322861251409999839e-38 1.234188767300000010e-33 5.876697038989999766e-21 1.666235009989999912e-37 1.068874425530000005e-37 7.794610618069999206e-37
4.968224644539999635e-10 2.420338270070000024e-07 8.938253515160000581e-08 2.074233064259999979e-15 7.342864559209999475e-01 2.656287075120000174e-01 3.852185602660000218e-09 2.277048206739999881e-06 8.221064263489999337e-05 1.311018733229999977e-08
7.841722087820000159e-03 3.374704413300000198e-17 3.743403441789999731e-12 1.723245275030000068e-22 2.461922340169999949e-14 1.872886229870000059e-14 9.921582779080000414e-01 1.402403759830000064e-15 2.469222762569999941e-14 6.077643248989999546e-14
