1.199230228689999927e-23 1.000000000000000000e+00 8.584601481149999757e-26 2.460780147890000089e-18 7.467950297689999765e-29 3.267428027619999809e-25 5.810277654020000160e-37 2.669200806670000099e-33 3.905073228799999968e-18 4.770584916240000270e-34
1.136114721640000084e-24 1.459791048330000077e-24 1.427206208599999886e-26 1.333185657949999972e-30 1.000000000000000000e+00 1.058903418449999993e-24 1.267490741709999967e-28 9.091001810260000743e-16 2.377957998970000124e-29 4.545009969140000345e-22
1.057082612560000082e-08 2.081735582409999948e-19 9.999999894290000357e-01 2.230589778499999958e-22 1.646720128080000001e-18 3.656109392299999871e-16 1.655969997769999901e-17 3.318531877659999822e-20 7.977314259999999635e-20 1.790626785579999926e-18
3.323332983010000115e-16 8.622409959120000218e-11 4.437370371699999618e-12 2.290170723839999824e-16 1.966226002999999965e-22 1.143529050079999927e-17 5.180972299420000181e-12 1.645888251269999919e-15 9.999999999040000143e-01 2.877333727570000183e-19
2.316779027909999892e-14 1.453765546299999946e-12 3.834326397100000076e-16 1.950381024719999865e-04 4.902290040689999953e-08 8.477865268280000421e-01 2.104977930310000092e-17 1.520183860219999905e-01 1.239313425539999998e-11 1.084605895289999964e-11
4.697579803389999829e-04 5.187158906619999867e-05 2.965978748530000001e-05 3.392848709680000087e-06 3.158571122750000016e-06 2.003250093950000000e-04 5.560610851939999932e-01 1.315944126329999945e-04 4.430074651159999766e-01 4.168949113470000052e-05
8.540335136070000413e-23 3.087810782350000201e-32 5.968728731690000151e-30 6.199927181880000469e-04 5.443188643850000251e-19 1.790655184720000053e-23 1.031062380590000032e-18 7.602794337930000229e-16 6.594185518220000413e-20 9.993800072820000491e-01
2.276984512389999960e-12 2.142649637280000003e-12 2.802259626820000106e-11 2.457683905369999819e-07 1.073596955439999987e-09 9.958799680030000490e-01 1.846394911289999996e-16 4.119775541069999568e-03 9.551581507929999252e-09 2.945332588810000172e-11
3.357962322110000231e-01 5.386109486540000177e-11 8.534229971640000250e-07 6.751842617800000164e-12 2.587853385540000046e-06 2.174844439160000039e-10 6.641988660719999604e-01 2.373958420519999784e-10 3.738548151699999890e-10 1.459550674469999921e-06
9.084479808380000465e-01 1.937032031250000006e-10 1.163893414519999903e-06 1.508549070350000003e-07 3.316034893599999960e-08 3.769379673740000090e-07 9.154904681250000675e-02 2.632350974179999743e-10 2.481451494800000124e-10 1.246797448110000067e-06
