3.191252415700000032e-18 5.965149386449999620e-20 2.923185484029999920e-21 9.999351788889999648e-01 2.493470023090000241e-10 3.562380501329999789e-16 4.040981582670000033e-12 1.160612363109999970e-11 9.368984257430000595e-21 6.482084597449999891e-05
9.999999997949999830e-01 1.886221789729999925e-11 1.783248226499999885e-10 5.315135454559999842e-13 3.626281826359999752e-18 6.339680516630000025e-15 3.212648457219999894e-12 3.754026430850000227e-19 3.242146493080000030e-13 3.933800303509999799e-12
1.897639820960000112e-01 6.654753666380000543e-02 1.300664503320000031e-03 4.939696084149999833e-03 4.483107992809999831e-01 7.200306060079999688e-09 1.314854559640000068e-08 1.130468062930000057e-04 2.890180265019999806e-01 6.227714269450000322e-06
5.028203720189999916e-19 4.911746136099999636e-10 1.355748294759999878e-20 9.705515272239999747e-10 9.839572099560000007e-01 2.801049052689999779e-22 3.562007748209999729e-20 1.604278858239999855e-02 6.400108582830000176e-23 5.778114975560000179e-20
7.253122259259999695e-18 5.507573059109999633e-23 4.503035209769999887e-16 2.564288039319999895e-18 1.418298565420000008e-20 1.521054175749999952e-02 9.847894582409999487e-01 2.826315231899999768e-13 1.397352293189999967e-15 8.045920590900000141e-13
6.049905607199999672e-12 1.428267052080000002e-06 1.698876373940000003e-06 5.554790135739999976e-11 1.386216743799999986e-06 7.855707802229999759e-01 2.123758427150000128e-01 2.037754207770000117e-03 4.196582891100000015e-13 1.110943209449999979e-05
1.533603718110000075e-12 9.998333577350000390e-01 2.427126615739999922e-14 1.775835437220000047e-15 3.454579250980000177e-05 6.107558067290000437e-16 2.119349563520000004e-14 1.320964684489999992e-04 5.051689621459999704e-14 2.162093854490000110e-12
1.002049113909999978e-24 3.773572340289999815e-21 1.000000000000000000e+00 1.161728315400000000e-32 5.536148908479999722e-27 1.770351141149999866e-24 3.119220860429999884e-31 1.515112106900000074e-36 5.214187151460000353e-32 3.544796700760000194e-33
2.609236218199999992e-08 2.036082334429999992e-14 2.238052574239999790e-19 6.952972889079999384e-08 1.937787786370000135e-21 4.038543540810000208e-16 8.386844691330000440e-14 1.619808596280000047e-20 3.176318000389999929e-14 9.999999043780000152e-01
5.833664512219999730e-16 4.830097371950000042e-24 3.569935775719999878e-22 1.162793348379999922e-22 4.028811726819999862e-31 2.566863204470000262e-29 2.325876599329999921e-20 1.028636199920000012e-38 1.000000000000000000e+00 3.572607042370000058e-20
