2.548014586089999973e-28 1.592057226949999839e-30 1.893812359759999982e-34 9.464493608480000209e-01 6.412916879489999527e-30 1.768914262180000077e-30 8.235794973270000456e-22 1.555630853150000139e-29 9.559007325479999482e-27 5.355063915230000304e-02
3.327219448000000017e-16 1.092434833780000053e-09 2.803182406299999991e-11 6.027631117560000396e-13 9.999980907090000315e-01 6.445304600340000152e-12 1.426356396670000068e-07 1.765479561350000101e-06 4.462104655859999813e-11 3.258123925079999936e-12
3.848723586439999921e-09 8.765983201140000072e-17 9.278482641689999908e-17 4.937509657830000001e-10 9.174563402279999225e-19 3.108511716559999900e-18 1.803637132710000100e-10 1.176791235309999961e-30 9.999999950829999706e-01 3.944273550860000102e-10
1.173324528670000033e-01 3.275667864220000152e-03 2.732689436980000086e-06 4.457593053580000066e-04 7.278381752400000485e-05 3.956701808440000106e-05 5.411940717760000156e-05 2.938429138909999794e-01 1.036051261350000023e-05 5.849236426280000067e-01
1.727233949549999991e-04 9.998272765929999695e-01 6.096776697619999756e-24 1.051397344910000038e-16 1.167525550200000024e-12 3.472321249050000034e-18 1.414318155300000066e-15 2.038811928179999817e-21 1.080208047620000059e-11 1.089006589040000052e-16
5.745072505240000262e-11 1.691975541189999885e-19 8.939922546859999773e-16 5.448199647700000381e-23 2.956050027150000112e-19 9.999465085819999599e-01 4.329619255560000229e-25 5.349136021790000300e-05 2.237713172419999935e-20 8.143059428259999746e-20
6.734829007089999930e-03 3.626452769350000087e-10 6.219146405280000375e-08 7.277012031250000071e-12 2.422870037009999870e-13 9.932649780300000231e-01 4.062914095739999924e-14 3.499639138430000050e-09 1.268808490329999979e-07 2.029791710419999982e-11
4.667746215550000193e-15 1.338643303210000064e-30 9.999999603860000308e-01 9.491520903779999131e-25 1.914553901169999901e-25 6.951024139059999840e-18 3.961439538619999715e-08 1.923557799369999931e-24 1.720640997859999984e-21 6.419731011209999710e-25
1.149683002490000083e-16 1.708916792830000030e-18 8.837542171209999617e-03 1.265429677570000010e-16 3.662955849720000092e-11 5.877303084859999897e-21 9.911624577919999624e-01 1.976561564950000134e-21 5.155613359010000270e-14 8.756537972649999597e-16
8.393647651700000139e-20 4.656717811039999912e-07 1.363414894140000120e-20 1.987879470849999913e-18 9.999995337389999683e-01 2.587430864629999953e-17 1.838960437949999907e-12 5.694218293999999606e-10 1.841224509469999979e-11 1.583900545109999993e-18
