2.878353547880000090e-32 6.855546125139999614e-01 4.223720398719999967e-35 2.242609783190000032e-34 3.144453874859999831e-01 1.736396624020000088e-25 6.917377672449999609e-35 3.430007110990000185e-26 9.017471515089999424e-33 3.706704291690000108e-36
1.273436294510000011e-01 2.297917174210000022e-23 6.185333787629999636e-01 2.116403591509999929e-22 2.202396965220000154e-22 1.932404380830000005e-15 2.541229917849999742e-01 1.438351863640000143e-20 3.749373537809999854e-20 2.953203978659999871e-23
1.742226813229999933e-12 3.819146853269999951e-15 1.174711409200000075e-17 1.268720767090000002e-11 8.182023916060000349e-16 3.080368829820000168e-13 1.134542670939999947e-11 1.174354628370000019e-14 9.999999999230000380e-01 5.102386691550000253e-11
3.008144672300000183e-11 2.358774203369999884e-14 8.158579587029999938e-18 4.492491776869999777e-10 5.274362163349999762e-12 2.937693091419999978e-12 1.009083989689999948e-11 3.253170009489999812e-15 9.999999994980000029e-01 4.287207925080000118e-12
1.196202221550000073e-13 2.254863545670000101e-06 1.803313599169999961e-12 2.968310429340000129e-13 2.005752187180000023e-07 1.026273942590000093e-09 1.035767371859999934e-14 9.952053675290000179e-01 2.444110553639999943e-15 4.792176003350000386e-03
1.905883275190000016e-22 6.450356745650000237e-17 7.975780636770000633e-09 8.434515074390000262e-28 2.884286523300000248e-17 9.999999920240000284e-01 2.549952778809999946e-22 4.780495899189999672e-22 2.105829905160000096e-19 1.134030088050000014e-26
5.154080759950000479e-01 2.498455184909999859e-21 7.102587940319999821e-13 1.105389408180000022e-10 1.706479470089999885e-19 1.513669646409999987e-22 4.845919238940000207e-01 6.782496255440000039e-18 2.539736633260000151e-17 1.378804953970000037e-17
1.335260318370000048e-08 2.118640629600000000e-11 6.710784006069999717e-15 9.999590198619999759e-01 1.382839973859999941e-10 4.265336621409999861e-11 4.609257581460000084e-09 5.243932808289999905e-15 4.096197382809999699e-05 5.287277410680000342e-15
2.132621654290000127e-02 1.057820470270000000e-06 1.516535013330000089e-04 8.547911064190000241e-01 2.005615326959999847e-06 2.658496295269999890e-05 8.576978178170000314e-03 7.902066598260000518e-02 3.004075871430000031e-04 3.580332338980000279e-02
3.285129617550000050e-19 4.318833244310000247e-17 1.387271452510000075e-21 2.162364709179999833e-15 3.222414989879999930e-18 6.682103700379999946e-17 4.391133682459999552e-19 1.925567080910000062e-01 2.157113712089999976e-19 8.074432919089999938e-01
