2.194819693319999970e-05 6.200775295410000211e-06 3.844887949000000250e-07 2.152235036229999954e-01 6.587521706229999552e-01 4.048327895799999671e-06 1.078434188289999995e-05 1.255817595779999962e-01 1.705326970109999886e-07 3.990295132260000192e-04
1.718929123179999886e-05 1.490668421480000061e-02 4.962689647150000222e-13 4.431462095489999893e-14 9.849939814899999480e-01 8.127973509559999698e-05 3.613477927269999884e-07 1.434328752750000008e-07 9.191910170110000093e-12 3.604784729640000167e-07
4.791705326989999693e-17 2.502677430920000057e-01 3.771069351419999721e-14 5.300107941859999692e-23 2.253296141119999878e-20 7.497322568969999601e-01 4.464340459130000163e-22 1.871418706130000033e-20 3.069366863410000050e-20 1.084148326009999950e-11
1.087402707329999940e-02 8.858865811029999684e-13 6.174118862959999676e-01 3.779889494539999968e-13 9.754808517830000176e-18 1.421207821600000023e-14 3.717140866140000166e-01 1.567432253830000043e-11 1.554421263040000033e-15 1.931381872420000110e-13
1.029234704419999982e-15 1.654255595189999925e-23 2.770284956099999833e-18 7.350030022080000283e-12 4.554584522590000156e-02 4.577477140959999933e-18 4.552275784340000078e-13 9.544541547199999476e-01 4.621415140150000170e-11 8.467933280300000430e-23
1.124299993759999942e-24 2.675793965139999898e-30 6.250692065379999870e-27 1.000000000000000000e+00 2.988315880440000104e-27 8.515018617059999471e-29 4.986526234879999824e-25 8.568021281349999918e-23 5.523542612919999718e-27 2.690339253420000093e-19
2.077626660699999905e-01 1.464503010320000021e-12 2.132432463430000182e-03 1.317469481989999879e-16 1.575009493370000070e-22 3.485616048609999917e-16 7.901049014640000312e-01 6.864797491060000427e-14 6.877678228269999978e-18 5.643367194510000218e-14
3.715732855650000286e-21 1.710545618420000034e-26 1.497652597289999873e-26 5.324528076720000279e-22 1.871315863259999949e-26 1.674990207180000072e-22 1.039644838919999961e-21 4.415168213260000032e-32 1.935277548259999921e-21 1.000000000000000000e+00
1.138539065239999914e-16 6.132312830149999616e-01 1.015515900170000009e-13 3.799346745679999941e-20 1.117114556329999904e-16 3.867687169849999829e-01 1.480873821460000105e-19 1.203743589169999936e-14 1.142357867799999967e-19 1.376406548619999988e-14
6.831130707280000161e-18 2.232962812040000082e-17 1.678044019759999902e-22 1.543172153999999955e-18 1.350221054210000024e-13 4.338578935749999823e-15 1.621045582049999969e-18 4.303781947250000170e-08 9.999999569619999473e-01 3.798188621800000131e-17
