2.130633448080000014e-16 2.969771419970000161e-21 9.039363316150000211e-17 2.295154494889999967e-10 8.906144629140000032e-03 4.739593597919999911e-16 9.910865632199999942e-01 7.291920990009999781e-06 2.786001404319999784e-23 2.503192678060000096e-16
5.374961609859999490e-01 1.988563134210000061e-07 7.161660489349999659e-02 1.359383917419999891e-10 3.029135125949999736e-11 7.046479409230000221e-09 9.091370362689999221e-03 3.401256591030000007e-11 3.233268268300000128e-06 3.817924243859999733e-01
1.130925565920000085e-16 8.479692441380000366e-08 9.999999151889999993e-01 1.076699718010000084e-21 1.981955853969999889e-18 3.529435605379999697e-18 1.102551288109999979e-13 5.445335676960000047e-17 1.367966795990000013e-11 1.491926271039999888e-17
5.505513736479999976e-01 1.711446271290000050e-12 2.892332758439999985e-20 7.772519038329999500e-09 2.441775915989999869e-19 1.513857332060000103e-13 3.097245005839999781e-14 1.769811176509999938e-18 7.076408092030000393e-14 4.494486185780000032e-01
2.326709995729999947e-15 5.951509385080000321e-13 1.836848177040000117e-19 8.485749824669999532e-12 8.475519808170000508e-10 9.999999983909999557e-01 1.064326027579999989e-19 7.520253887120000421e-10 8.847289836190000629e-19 3.421970915339999939e-15
2.169142810819999861e-24 7.534809089629999805e-15 6.324605418290000443e-20 2.236374803809999788e-16 6.705317882539999497e-01 1.121812254250000060e-10 3.032677023089999836e-12 3.294682116309999853e-01 7.332656097999999596e-15 1.263184144810000042e-23
5.107451052029999911e-07 1.143518518879999973e-01 1.524911501230000101e-04 2.620641713210000180e-06 7.101047520279999727e-03 1.425782250640000078e-03 1.365366800440000094e-06 5.280171080369999714e-02 8.241625561319999571e-01 6.350188372550000573e-08
7.876894329469999745e-25 9.198600457550000220e-01 7.316396032680000622e-27 1.935572275489999855e-37 2.111979267080000132e-29 5.057005857980000043e-23 3.455142513780000136e-25 1.289375174789999931e-25 8.013995424469999573e-02 1.722949187799999963e-24
9.569162666859999302e-16 1.388379486600000016e-15 9.999999991019999923e-01 9.910856168759999726e-13 7.988427743840000553e-11 2.998272767609999949e-15 1.967772589379999945e-11 7.970971412470000501e-10 1.126972727129999979e-17 1.725409825170000115e-16
2.517078767010000135e-07 7.388925791339999563e-19 6.428509688609999619e-18 9.999992654120000157e-01 8.311355257429999581e-17 4.163841998879999925e-14 4.667067359739999973e-14 4.629748520919999867e-19 1.442596295970000055e-23 4.828796500890000226e-07
