1.472109180169999939e-19 6.515285475289999922e-12 6.528642688410000288e-17 5.004365291379999636e-01 4.995634708550000247e-01 5.872179511700000169e-16 9.187742699029999680e-21 8.617052207349999741e-16 2.003952020219999966e-17 9.198981670479999537e-20
3.031534858820000056e-16 1.428202258240000047e-16 1.866676567989999924e-01 2.384376281199999849e-18 1.167552637510000048e-17 8.133323432010000076e-01 4.099286169339999816e-16 1.262340356770000052e-17 9.834599022649999417e-16 1.231344523060000074e-17
6.915279020419999867e-01 3.128551342189999849e-10 8.611254209949999614e-18 4.303071431639999947e-19 3.941374575850000043e-16 6.261956221180000145e-19 2.808863660049999848e-08 3.084720695570000171e-01 1.720065559160000026e-16 3.701696311440000160e-15
8.995135383669999873e-01 1.004864563500000030e-01 4.022295598700000250e-20 1.643031615840000003e-19 2.219405883309999995e-17 6.596824276320000060e-18 3.755610772559999736e-14 5.282429031050000268e-09 7.890051104330000493e-26 7.687676683480000393e-21
3.894885399339999869e-08 2.414035597339999818e-06 1.513458799500000118e-01 6.752039422149999843e-05 1.444276828889999912e-04 1.185702597690000060e-07 3.815353912089999855e-01 1.259848137639999940e-05 4.639378734599999832e-01 2.953737268209999899e-03
4.106450233530000293e-24 1.813156050789999951e-24 2.466796972789999883e-20 1.877519641750000062e-16 9.494624837900000269e-17 1.078043296860000052e-19 1.991094259680000016e-13 1.816048599910000183e-18 1.975791055149999958e-26 1.000000000000000000e+00
6.621231119549999500e-11 9.471349272049999917e-15 5.603675063620000112e-13 9.370096295269999896e-15 4.579087843060000226e-14 1.087674210680000055e-12 1.329980545499999910e-04 4.329824527850000302e-08 4.180844689600000145e-16 9.998669585789999870e-01
2.139187239190000049e-15 2.022906929520000088e-09 6.759312649809999913e-18 2.125330005409999945e-01 7.874669974360000158e-01 1.296652373490000009e-14 5.129334490199999794e-14 1.326053976710000038e-13 4.367088119130000090e-15 2.867443452870000217e-14
1.646310222430000016e-16 1.076762563630000007e-16 3.850812250739999842e-03 1.093676412220000064e-19 3.878770383580000027e-19 9.961491877489999647e-01 2.367712476249999907e-20 3.210975940140000149e-19 2.058350909320000106e-17 8.758086642450000670e-22
1.048589897370000002e-16 3.475039688950000214e-22 4.206320458599999818e-04 3.371395305260000148e-19 2.065803968499999998e-19 3.052818699190000013e-18 3.211845051289999851e-10 3.002040281020000004e-08 9.995793376129999963e-01 1.732500091200000026e-20
