4.215768071959999919e-01 6.870919828079999447e-11 3.907162753349999988e-19 9.725029156390000597e-07 8.319023110909999881e-10 5.784222193989999594e-01 1.486063341219999881e-19 3.591812561990000059e-15 3.803012850250000027e-18 1.543960662300000002e-12
2.305545551809999982e-07 1.191986143990000041e-11 9.978673952890000382e-04 1.684573141739999973e-05 5.492004061600000189e-15 5.158461530129999964e-12 9.085143407460000153e-04 1.105308112909999928e-09 3.549534284819999808e-06 9.980729913210000248e-01
5.808616114769999928e-16 2.619979555500000140e-17 9.185379214099999479e-14 2.681614049609999939e-01 7.630029516809999532e-06 4.455167624900000253e-08 1.365532854080000044e-15 7.318309204530000223e-01 4.739803491019999699e-12 2.068483902190000018e-13
4.006489458430000095e-02 8.333868338310000679e-02 3.536870858539999801e-02 1.054343528969999971e-01 2.984714745509999823e-01 2.142602746189999942e-03 1.065650169919999946e-01 1.747140249839999881e-01 5.951037953089999971e-02 9.438986174619999614e-02
6.654826887889999654e-01 3.140648704230000060e-02 1.486217849680000029e-05 6.274869216359999554e-04 5.430663695920000245e-06 1.200296801760000059e-01 1.519083435930000062e-03 5.641014494770000306e-07 1.564733714060000114e-01 2.444034528540000098e-02
1.570839742339999988e-17 3.744986938729999670e-21 4.594235550099999752e-17 2.119895699980000067e-14 9.910787787620000122e-01 2.853149918789999785e-13 2.223799809530000124e-16 8.921221237479999219e-03 1.149243420660000035e-17 2.786913067960000118e-21
4.815987240939999628e-28 2.458613465719999912e-34 2.490006915440000079e-01 3.910993277079999842e-35 1.603438013089999862e-30 3.827057228170000114e-41 7.509993084499999583e-01 4.785484120879999867e-24 7.232170281249999827e-28 5.143475405290000136e-12
3.559064765660000207e-41 3.989711446290000399e-31 7.147599110380000249e-27 4.973191118190000281e-22 6.158263797599999909e-32 1.004630393129999943e-32 1.215500521850000077e-27 9.277369581480000559e-26 1.000000000000000000e+00 1.857348964719999985e-21
1.288241919839999972e-01 8.608127945660000099e-03 8.171678622700000866e-03 1.439685219990000098e-01 2.201382078009999981e-04 2.671997122590000218e-01 2.728647855289999952e-02 9.157871892649999861e-04 9.785309041369999464e-06 4.147955779310000257e-01
1.733480839110000083e-28 1.000000000000000000e+00 2.803904736760000027e-34 3.903608517319999985e-35 1.016289120830000049e-36 4.212792598720000089e-32 8.119565389440000157e-35 1.378965640939999917e-43 1.458985338939999931e-33 1.337557419890000130e-35
