5.090364415529999998e-12 5.597316155359999541e-17 1.101157382010000020e-10 9.051808510550000131e-01 3.850906653100000234e-10 9.771865890079999849e-13 1.257052278770000023e-13 1.832629229089999950e-02 3.903525642580000103e-15 7.649285615270000338e-02
1.268398137989999896e-25 2.391461117599999764e-13 2.148463373440000032e-21 1.220164661749999914e-22 2.400539448809999885e-20 9.999999708790000552e-01 1.079815712350000020e-24 2.912016100989999906e-08 3.490566811590000167e-13 7.289199838030000431e-27
2.270562693660000094e-13 1.345680266900000047e-09 1.765868328789999863e-17 1.230192138550000122e-13 9.999999965939999624e-01 1.311114374000000092e-10 2.978097521850000138e-14 1.928282980659999886e-09 3.934209853789999768e-13 1.630034579419999946e-14
2.991000708859999947e-03 6.212753067620000152e-05 7.609627702800000506e-08 3.560442868859999832e-01 4.828512470350000330e-08 1.783997325100000099e-07 4.748865276579999786e-11 6.295428188270000280e-01 1.372990473459999913e-07 1.135932591999999977e-02
3.759976412970000262e-05 1.008430212270000076e-06 8.231211089949999919e-05 6.245973756770000218e-01 1.323062452729999984e-07 2.043104729080000054e-04 4.267886867409999965e-08 3.039400958869999947e-01 5.141976368530000027e-08 7.113707125260000652e-02
2.657846364519999845e-14 8.342471792099999817e-23 9.999999998559999659e-01 4.276393584420000000e-14 5.990706733669999654e-23 1.327167945280000057e-22 9.768194342030000894e-16 2.273047736920000036e-31 1.339981764789999991e-24 1.439108056410000054e-10
9.999999998699999892e-01 1.139076289269999979e-10 1.569149786739999935e-11 7.314299552949999400e-18 6.144144635929999766e-19 3.457466629020000111e-20 3.312005487159999809e-23 2.815725792810000012e-20 6.573507228309999772e-20 1.178224571700000072e-14
8.004577360160000003e-15 9.999999998740000118e-01 1.288846829410000109e-22 3.292659245809999986e-28 4.987745918580000309e-21 2.217740446429999958e-13 6.200260732820000150e-19 9.824148321419999606e-18 1.253776149300000061e-10 4.581793150040000102e-30
3.422768574059999949e-22 2.989675767150000004e-09 1.806516584499999907e-17 6.774247306920000357e-23 2.285364520580000170e-22 6.402375179970000207e-15 1.715197583420000003e-08 1.098879863729999986e-17 9.999999798580000432e-01 6.832070398120000098e-23
5.729079671419999772e-28 4.466613319370000039e-24 2.844933277650000165e-17 7.933840586799999726e-18 8.587741321630000426e-13 5.014695453520000392e-25 9.999999999990000221e-01 4.887935619889999915e-24 1.153131238890000090e-13 3.846547290630000172e-19
