5.671546016410000080e-15 5.238701096039999811e-15 1.256248765090000051e-10 9.999999114299999992e-01 7.732676204259999849e-10 2.319779410470000080e-16 3.888534505350000305e-15 2.279874820960000045e-09 3.055615233979999773e-10 8.508582351889999837e-08
4.145814978590000033e-01 5.854184937159999658e-01 2.049309579869999995e-30 1.267013362250000063e-28 2.021773871950000027e-28 8.425341189780000470e-09 2.749334964390000157e-19 1.043108417490000037e-28 1.604044947349999885e-22 8.611684022880000528e-32
3.639829627009999926e-16 2.130992326909999803e-15 7.368826662499999847e-01 1.005752052839999995e-21 6.754496372790000434e-22 1.016536463419999964e-20 2.631173337500000153e-01 4.458145855219999870e-23 7.010272532310000412e-23 3.903659953950000031e-25
1.142551353889999983e-11 7.083083743980000322e-12 9.937203003840000548e-01 2.027949271839999911e-13 3.449688776899999878e-10 3.881319473370000259e-11 6.279671270880000412e-03 9.860068955410000444e-11 1.110323251770000021e-11 2.783317819740000164e-08
5.085812390780000179e-11 3.041249765240000050e-11 4.412312478960000306e-14 9.622592729079999518e-01 8.696611640649999853e-09 1.433910649030000059e-11 6.048234801169999538e-17 3.579971493009999711e-08 3.774042002209999913e-02 2.624776828749999775e-07
6.014784081769999495e-26 3.762371179159999960e-27 2.118671832219999958e-23 2.766577893670000119e-18 4.851562891439999693e-28 1.451840259009999909e-18 2.857906937899999742e-29 3.169034664949999909e-29 3.593664475390000003e-31 1.000000000000000000e+00
4.099184598099999856e-17 2.322619630199999934e-16 2.533403738860000036e-19 9.474582197629999543e-19 5.434422927180000418e-01 2.326190295909999930e-10 3.435763233130000076e-18 4.565577070499999834e-01 1.444798559710000072e-21 1.000348507870000005e-22
1.295240503870000002e-06 9.326304909869999915e-07 1.022952593630000015e-17 8.852796708260000594e-18 3.519653460460000056e-16 9.999977714740000412e-01 2.012805489210000143e-14 7.261543701860000433e-17 5.854373423769999573e-22 6.550161109290000517e-10
1.715294707789999999e-08 1.375568688559999985e-07 1.408067060430000022e-03 2.751962617790000205e-07 5.529416742970000298e-01 2.638497104229999990e-08 1.312023250079999946e-03 4.443377612730000092e-01 1.782779776300000039e-08 4.004299359170000214e-13
1.730500838499999944e-14 9.310776181500000572e-16 1.257949219900000049e-14 1.847353881899999877e-11 8.345513701050000215e-16 1.100556667059999975e-16 1.877902200720000131e-18 4.901338261240000204e-16 9.999999999809999762e-01 6.470444411709999413e-17
