3.307320625159999919e-13 1.447400372919999893e-16 9.944311349000000133e-01 1.704038257800000051e-18 1.387516953340000078e-22 4.581658854240000295e-20 5.568865099539999607e-03 2.711176436600000103e-17 3.583858919970000070e-23 5.915497264939999713e-16
9.688303778200000327e-01 8.209829354769999682e-11 1.941775091340000093e-04 1.989500119100000116e-08 4.571211709669999894e-12 3.857541468300000397e-12 3.086240646719999939e-02 3.474594461269999871e-09 2.869536556079999985e-11 1.130147148949999951e-04
4.052248951400000006e-14 9.999996335230000311e-01 3.505686519880000071e-07 4.625705683729999576e-13 1.910992357329999871e-12 1.685608919420000063e-09 1.567707877989999940e-09 1.265286578939999919e-08 2.077071891769999971e-14 4.693523189900000056e-15
2.634643568750000000e-16 9.999999864370000546e-01 4.802822465649999648e-10 5.860445493279999946e-18 2.103325344670000105e-13 1.303537151260000045e-08 3.027058881819999930e-13 4.692355231330000123e-11 8.214587124309999693e-14 2.692310948720000100e-16
9.999999996249999690e-01 5.647729036439999955e-17 6.372905107189999896e-15 1.373342112220000094e-16 4.444342316330000091e-14 1.374165943319999952e-19 8.276153883299999904e-11 6.861300091160000302e-18 3.541611758939999964e-16 2.921868271569999772e-10
2.690168490590000197e-12 5.135504187599999521e-16 6.007702075709999862e-15 7.675898096629999336e-09 1.030591049749999962e-13 8.293336068549999342e-08 1.523884255330000068e-12 1.034783508060000054e-08 6.486456711689999599e-01 3.513542278690000020e-01
4.530571118299999825e-19 2.524288098399999997e-21 4.343225228709999998e-28 6.866800332329999883e-21 9.652529514100000041e-01 1.131633176999999970e-16 4.628143952490000111e-26 3.474704859020000258e-02 8.655257244619999449e-20 4.415436011859999884e-27
1.292611288450000015e-18 1.201157037879999937e-15 3.573873572459999774e-23 2.210176039489999885e-22 3.188870581000000221e-08 9.999240112389999879e-01 7.242396749009999437e-24 5.130868926369999747e-11 7.595645036870000478e-05 3.704838999599999744e-10
2.464554417089999932e-12 1.263659806830000064e-14 3.267497232769999890e-13 9.999917841700000087e-01 2.790706546579999743e-10 2.911844036860000049e-14 3.783835761589999716e-09 3.097451746110000006e-06 1.250183293740000034e-07 4.989293907150000061e-06
2.225197233750000016e-17 6.816387233429999693e-21 3.890392214039999755e-15 9.999999998280000302e-01 8.971158186220000741e-18 2.008246118710000100e-25 8.302826393189999343e-12 1.591713936789999955e-10 3.871107190609999772e-18 4.185541043980000187e-12
