4.814127629559999985e-12 3.572308658949999956e-09 2.092861444640000048e-13 1.123229979870000044e-12 6.550063276130000389e-01 1.786740981570000153e-05 2.058777805110000101e-13 3.449758013570000115e-01 8.531851052959999625e-13 4.123236047860000240e-11
8.627726626870000359e-01 7.559752362040000020e-19 1.372273355779999870e-01 2.539023710840000106e-15 7.831068836259999529e-18 2.938103374440000039e-12 9.622796845669999947e-15 5.365314333289999972e-20 1.732037327719999937e-09 1.869171513710000052e-16
2.231436916009999986e-13 7.430379838620000026e-04 8.755406211380000262e-13 2.270895823870000145e-14 4.926848785879999911e-11 9.662925855870000387e-07 2.261860524219999917e-15 3.337227487929999900e-07 9.992556619339999502e-01 1.685043756069999889e-11
1.383117507109999942e-10 3.890665964519999708e-08 6.952412497690000485e-11 8.759243124780000112e-02 2.316289329600000089e-13 2.779236813600000134e-19 4.922238653969999931e-10 1.017675548250000054e-16 7.797688148790000469e-19 9.124075291450000069e-01
9.078755238370000556e-21 1.999743396410000097e-18 5.154685281009999671e-24 2.203290996939999901e-18 7.962834105549999597e-01 1.032416728130000033e-19 6.071994146439999869e-21 2.037165894390000065e-01 1.839913633909999935e-25 6.096399066469999650e-12
1.708319090880000033e-20 6.109151430759999959e-21 3.529646691760000181e-18 7.800183741039999612e-11 4.003820067999999884e-24 4.257738492689999768e-29 9.999999999219999491e-01 2.007227179889999898e-24 7.332254578599999887e-31 2.693374970990000089e-23
1.582265046470000033e-23 4.380703329040000219e-15 7.561668414650000138e-23 6.280975528379999708e-23 8.668004166829999828e-24 1.000000000000000000e+00 3.352934209969999909e-25 1.894325854849999881e-20 2.501443203010000073e-25 2.899213382670000132e-22
4.950801605139999900e-11 9.993215600360000339e-01 1.421389785639999942e-09 6.784254415090000111e-04 1.269619600700000046e-15 1.377939764849999953e-11 5.844909284480000199e-10 4.813129409820000019e-13 5.569536719390000051e-10 1.189616440059999934e-08
8.680411872389999506e-02 9.630494912720000195e-18 9.131955393759999540e-01 2.574870748239999816e-13 8.406307574199999652e-17 3.149097134130000004e-07 3.890219349199999930e-11 4.565202318220000292e-19 2.695138664690000096e-08 2.285707005459999788e-19
8.329870126940000277e-10 1.026844394269999959e-03 1.593383211569999930e-09 4.194308063179999837e-13 1.356841805420000077e-04 2.286952863430000124e-09 5.404168555830000303e-10 4.619258433470000021e-04 9.983752801049999848e-01 2.602221897280000257e-07
