6.347747698869999645e-11 2.467741705179999905e-14 2.875791981149999927e-10 2.250984260300000015e-03 7.878776112980000675e-15 4.390741395129999796e-14 4.773929230800000293e-11 3.250498989370000026e-17 3.115475248460000232e-10 9.977490150290000415e-01
1.402817107830000010e-12 7.419099193009999655e-18 4.833748935639999766e-11 1.102315498179999980e-09 9.451689831709999545e-01 5.538408203739999978e-08 6.157373831979999762e-08 5.483089871889999800e-02 2.660693300720000111e-18 2.913108201359999985e-18
2.831530665999999980e-24 2.129451656729999897e-25 2.123398152929999951e-31 1.897894383690000020e-40 3.556467109339999830e-36 3.445882914190000163e-31 1.221262349210000047e-31 3.361504700320000076e-35 1.000000000000000000e+00 3.474289248829999873e-32
2.585361201160000052e-11 9.090933242950000240e-11 1.290292410630000070e-09 3.244894952000000003e-04 6.179345671169999943e-09 2.435930073419999907e-05 3.537010942840000060e-11 3.167309092819999923e-09 4.003215118120000377e-09 9.996511364119999854e-01
3.677403589920000337e-15 1.311376266390000036e-15 5.437856656570000301e-17 9.999972942020000088e-01 1.295528139080000111e-13 5.971312819770000244e-21 5.514022004659999891e-14 1.076041023849999944e-16 5.755846597190000305e-17 2.705797700300000135e-06
1.552131751469999939e-02 8.394798713009999913e-01 4.016722936400000097e-04 6.625408521979999753e-04 1.056913843299999929e-05 6.287914444809999948e-02 6.379424410369999559e-04 6.200110264210000012e-04 6.412638780700000325e-03 7.337429220379999839e-02
1.498969068209999997e-06 9.999981043979999651e-01 2.689875115920000082e-07 6.294616599139999627e-10 6.516143020480000182e-08 1.202235305950000027e-09 1.305852081320000093e-09 4.307129399889999877e-08 3.370982064560000166e-09 1.290410132400000041e-08
4.715973484489999869e-44 1.126678191280000059e-34 9.042590729460000540e-39 5.252820280190000050e-44 4.447541975090000195e-35 1.000000000000000000e+00 5.175961565650000384e-37 1.252907982999999969e-14 4.887410868320000028e-33 1.033398069450000047e-38
4.678969290439999873e-01 2.018714360419999982e-14 2.434255315860000060e-02 1.353466908679999881e-13 1.488321502060000049e-10 7.169581260650000213e-13 5.077605175210000432e-01 2.952874536459999783e-11 9.661508099780000542e-11 3.873649723840000148e-16
2.523628520619999871e-01 4.949571998810000086e-16 3.764066646770000135e-01 9.360716152739999638e-08 4.366117629429999873e-10 1.438306599229999937e-17 3.712303892000000105e-01 1.756715692890000137e-11 3.096197644520000061e-16 1.354057402299999929e-14
