3.317427057769999952e-07 2.290340895499999863e-01 3.852110815570000221e-07 1.347655801369999993e-03 5.796149675759999786e-02 7.116550861379999926e-01 6.926501700269999491e-07 2.857600411559999966e-11 5.668446955690000143e-12 2.621143510920000235e-07
1.053684019590000001e-11 4.249615914140000044e-18 7.805724469150000511e-01 2.594431084079999881e-20 3.446123102730000083e-19 4.103936829100000141e-19 2.194275530729999923e-01 1.461186857379999964e-12 3.441391298050000094e-16 4.619565594779999978e-17
2.954854315999999971e-27 1.265825772630000111e-32 5.391448083909999632e-22 4.043728818279999915e-02 5.660742098429999704e-28 1.309144371089999918e-27 3.247764877139999915e-22 1.973957486470000000e-28 2.360847292870000119e-29 9.595627118170000358e-01
9.999999999969999553e-01 2.623463042430000033e-12 2.315915673350000188e-18 1.066382055270000029e-16 9.686942001789999693e-19 4.899177801110000329e-15 6.169276926070000032e-17 1.588319550690000017e-17 1.076239410800000031e-18 4.861998227820000237e-17
2.146316670360000012e-13 8.597739347459999699e-15 6.457697727980000029e-18 2.645458092529999933e-18 6.339464494369999592e-01 3.660535419020000125e-01 4.192757918500000213e-15 3.629141478909999827e-09 5.031722165539999736e-09 4.277531382010000264e-21
6.732803034739999486e-14 9.999999991139999489e-01 2.168335638250000034e-17 1.779532843850000014e-12 1.263880290219999900e-12 8.825838252020000343e-10 1.091494742289999948e-17 5.487189301900000217e-19 1.721227449830000148e-17 9.902834715459999455e-17
2.501993077110000080e-16 2.828181529730000195e-22 8.334059392559999834e-21 3.324596896919999971e-18 4.479949170309999864e-12 5.345885091139999930e-16 3.620858818069999623e-18 9.999999999959999775e-01 9.217696056799999652e-20 4.451131385820000039e-17
3.093991695619999895e-12 4.125380221689999913e-10 2.111348986869999932e-08 6.457838027720000373e-02 1.457547778539999927e-05 9.078343025109999341e-09 7.332786252810000278e-09 7.732903645429999551e-08 5.477772030859999926e-11 9.354069289209999694e-01
1.630446153219999955e-17 3.226778643620000055e-16 9.994824150500000171e-01 4.474666260929999839e-26 4.433072997709999919e-26 1.415955577200000059e-26 5.175849495150000156e-04 3.500880185019999978e-18 1.480358600550000000e-19 7.020803093639999819e-21
3.277306464749999843e-25 5.393944758169999873e-33 4.813761517329999796e-28 6.672535111869999677e-33 3.200065382059999807e-26 1.409721379589999955e-21 5.906709549520000001e-27 1.317578576409999905e-31 1.000000000000000000e+00 3.743115626220000037e-29
