5.606604778400000458e-22 5.555999904430000427e-20 9.432986485739999880e-24 3.944052372989999872e-29 1.490591169799999913e-15 1.000000000000000000e+00 3.101481480899999930e-28 3.142378348210000013e-20 5.611798078319999738e-27 3.738439429960000148e-23
4.675090570850000084e-11 3.294005239960000043e-16 3.700448517059999822e-10 4.160668773269999843e-01 4.494768937419999694e-09 8.167405343780000073e-10 1.930493354379999980e-10 4.686004605519999891e-14 2.966987529990000024e-17 5.839331167519999921e-01
1.000000000000000000e+00 4.646085570810000020e-24 4.605271255199999525e-19 1.523687017080000025e-22 2.158375365479999946e-24 1.320136002279999990e-24 1.536592813709999882e-17 1.633424356550000059e-20 6.249926691160000415e-19 9.549846995359999403e-20
2.909177152700000045e-06 5.707892175790000183e-10 2.425913193560000070e-01 2.811657543250000104e-15 1.679853741860000036e-12 2.678626474789999849e-15 3.725617254470000028e-01 6.373669510380000273e-12 3.848440454340000261e-01 7.135463386410000022e-12
7.052723191080000145e-17 1.292820209640000019e-20 1.997930036450000094e-25 3.210992126630000230e-22 1.928979894950000170e-06 1.640846346679999867e-17 1.417503437449999917e-21 9.999980710170000009e-01 2.811968359109999831e-12 1.709290625019999896e-19
6.032590871390000247e-35 1.000000000000000000e+00 1.221452674399999974e-27 6.639961291680000309e-35 2.621586663770000150e-24 1.620513693939999876e-27 1.799602922289999995e-31 1.268397952530000085e-32 6.376468653160000309e-30 4.010939392029999860e-41
6.847057703650000443e-10 2.938283514390000298e-14 5.002623156440000329e-01 1.313416490399999902e-16 5.416684947049999611e-15 1.653217747559999854e-20 4.912975592020000226e-01 7.270512621210000024e-15 8.440124469400000010e-03 4.436228977899999791e-13
6.726891371019999696e-05 8.715317983600000262e-02 6.414682647099999580e-01 4.601221944819999798e-02 4.226827539720000304e-02 1.440444840600000054e-01 2.998695755650000044e-02 8.986467364519999841e-05 4.456596299509999978e-04 8.463825775190000206e-03
1.000697437240000031e-13 1.175907795640000034e-13 2.523513207889999919e-13 1.736601089669999930e-08 9.919856658760000112e-01 2.667361956549999882e-09 6.527909673789999770e-13 8.014271125470000603e-03 1.304263513520000075e-12 4.296315574480000004e-08
5.117628895650000348e-18 7.889588093410000164e-24 4.263525228349999882e-18 8.622705463840000251e-01 2.388025048299999896e-12 2.823397781770000041e-15 8.403231218379999793e-19 3.108759641510000015e-18 8.916633295619999696e-24 1.377294536139999914e-01
