2.658076237859999855e-06 1.749093039239999967e-02 3.352763589190000098e-04 1.401868731039999927e-02 5.360442333489999979e-07 7.541839621489999245e-09 4.550774913550000023e-04 5.734962655799999848e-07 6.531014448780000370e-01 3.145948084099999820e-01
5.366109767610000019e-21 1.277985736569999943e-09 2.346021077570000067e-23 1.645942806990000060e-20 3.592350653689999899e-16 2.764998071949999943e-19 2.845239946009999801e-06 6.839372456429999810e-15 9.999971534820000230e-01 1.874664994000000025e-28
2.399610004930000147e-18 4.232623304470000201e-13 3.767077987779999657e-18 9.999924890879999806e-01 5.710180283079999952e-12 2.017056325399999875e-13 4.422393047339999847e-10 1.237804523799999981e-11 2.061075341710000119e-18 7.510450588960000287e-06
8.835665763629999558e-01 1.164334234500000037e-01 3.889563672339999996e-17 8.740380709920000553e-22 4.943188535839999732e-17 5.212560322339999907e-19 5.884308071580000349e-16 6.958361677019999831e-19 1.872227916509999983e-10 1.363488101129999979e-19
8.393492945330000234e-08 3.306344714510000299e-11 9.999564955120000542e-01 1.344539710869999971e-10 2.673191037210000061e-09 1.804745389679999980e-05 1.762045866629999947e-05 2.972445725320000016e-07 1.935148535059999929e-10 7.452361696390000195e-06
1.588620605100000045e-17 3.173655753699999874e-18 7.218094526719999726e-18 2.850289074579999936e-03 2.121668825160000144e-17 1.992844260429999975e-23 6.958803994080000014e-21 5.465022963579999479e-20 2.515295846639999875e-23 9.971497109250000435e-01
9.673895526980000032e-21 3.220143765880000176e-20 1.328033509100000030e-22 5.412256599779999643e-16 1.741036442079999913e-09 9.999999594339999964e-01 1.071747892689999901e-12 3.882362264279999868e-08 1.164016338260000063e-25 2.589489795570000082e-23
7.689989490830000385e-01 2.309924578760000069e-01 1.163512484019999898e-13 7.850192580700000223e-10 2.852713835119999906e-08 3.631693551560000149e-11 8.557500357040000432e-06 1.724640940269999922e-10 2.858974136120000086e-09 3.161275631349999952e-09
3.030089931259999922e-24 2.844205196940000305e-14 3.736427357819999916e-20 3.281037310939999917e-18 3.055277823859999797e-01 1.712106907080000070e-05 1.378446322429999992e-05 6.944413120810000173e-01 4.819630930979999944e-15 7.929156190829999933e-23
2.936990480299999956e-24 3.557770418719999793e-26 1.000000000000000000e+00 1.349476389769999900e-28 3.945927512169999995e-25 1.189499775510000070e-21 1.827143335370000114e-23 4.298839716330000160e-20 6.960234828400000294e-25 1.482041710220000059e-21
