3.299550641459999827e-16 1.049097792739999957e-10 2.917134373549999856e-13 9.445720241349999657e-01 3.659425052329999773e-14 1.381748918390000039e-16 6.530763914599999921e-15 2.118180094300000004e-12 9.574610808719999198e-06 5.541840114669999845e-02
2.464304230830000144e-11 2.297320974349999959e-10 7.595605485700000191e-10 3.181253605359999944e-08 4.572607074260000275e-13 2.032969519789999881e-13 5.133030330559999856e-10 6.285768390200000381e-12 2.584284079490000156e-15 9.999999666529999498e-01
2.333168570630000114e-04 4.680564902350000170e-20 1.385876198989999978e-23 1.287976011610000031e-16 1.110875040639999967e-16 9.997666831429999901e-01 1.579487369600000106e-20 6.764887225840000115e-17 2.501662872050000127e-24 4.820230856439999789e-15
4.857941033279999769e-25 5.653301071580000446e-25 6.001482048149999748e-01 5.111223447229999884e-44 4.452538630850000350e-28 3.017161637000000096e-34 3.998517951850000252e-01 2.768734624089999913e-35 3.418734975240000160e-38 3.858595352259999756e-26
1.819581305650000060e-22 1.274959610279999967e-06 5.390216401070000318e-24 8.910511167270000242e-13 3.005243526549999915e-21 3.807628733440000087e-21 3.091988298730000153e-23 7.216024744959999762e-20 9.999987250390000026e-01 1.801062523439999981e-19
8.736016100779999510e-11 4.357265425819999990e-13 3.614092805539999754e-16 2.833289195280000109e-11 6.251522597149999916e-01 1.092008769810000052e-12 5.694727092110000505e-17 3.748477401140000165e-01 5.386872697089999617e-15 5.367719893469999819e-11
9.998929111969999672e-01 5.722017143849999637e-18 1.318802768040000086e-15 4.036610643829999780e-16 5.842940651469999967e-17 1.070888033220000003e-04 2.847498815119999982e-16 1.135398127940000050e-16 1.295129946620000000e-19 2.140759997240000026e-16
8.795152487559999586e-14 3.696099991599999961e-14 5.610688053459999756e-20 8.970666835200000410e-17 5.908023334599999954e-01 3.740705298840000110e-16 7.195605760460000260e-20 4.091976624670000118e-01 3.270392070810000044e-23 4.073076540850000100e-09
1.097520867979999997e-05 3.192163586510000095e-01 1.180114902019999948e-07 1.182435694229999920e-11 1.074814678350000019e-08 6.807704063859999488e-01 1.821950151850000101e-06 2.105984251950000116e-08 9.114159428460000251e-09 2.788585953760000254e-07
1.322517847699999995e-26 9.999960754569999777e-01 6.575589809249999723e-17 4.164418535129999702e-27 1.400096061820000053e-23 1.630696029969999976e-18 7.136955549680000078e-16 6.867352128679999934e-21 3.924542775169999642e-06 9.500215771149999775e-20
