1.564012586159999934e-09 8.053178474399999414e-15 1.104787163429999982e-08 5.890523736970000312e-01 1.681794325030000134e-14 1.628763342879999972e-16 1.792193270299999879e-11 5.631138045220000091e-11 1.670889178510000035e-17 4.109476136169999960e-01
2.173546067210000044e-13 5.123196762370000307e-08 2.588728807060000118e-10 6.492692840760000417e-02 1.430866635370000002e-08 1.988941823860000065e-14 1.376109107670000085e-12 1.319824181890000010e-04 1.815134945460000020e-09 9.349410215579999628e-01
3.102481805769999861e-07 9.202190922630000269e-01 1.831200297650000097e-05 5.980063006659999932e-11 3.978727127700000052e-07 7.938459891870000562e-02 5.984211029129999894e-05 4.803702164049999583e-07 3.169658709919999850e-04 2.828684412819999842e-10
1.990230424060000034e-17 9.109106682629999210e-19 2.934113432409999982e-21 1.336377843170000055e-16 9.999999999809999762e-01 1.892108981850000102e-11 1.569817463160000096e-18 1.002027844940000056e-15 6.582078921640000552e-27 4.694153720319999642e-18
5.040539141300000035e-12 1.297682370430000019e-08 7.738408631820000272e-10 8.594687242830000018e-02 4.758583205929999988e-12 1.028050844789999958e-15 4.662435293969999733e-13 1.122072313289999984e-01 3.667732696540000094e-06 8.018422147489999707e-01
5.342399426289999864e-01 6.976289871339999735e-25 9.564974573759999973e-03 9.326875827890000645e-19 3.802910518860000139e-22 1.128467463179999901e-09 4.561950816690000243e-01 1.961957240790000012e-23 8.841124193060000266e-24 1.540652181690000027e-20
3.200679121299999977e-24 9.999716113929999484e-01 3.762120811530000031e-24 2.688792685659999817e-29 2.319333793219999886e-26 2.838860684239999989e-05 3.240107756389999890e-22 4.060377848110000121e-16 5.166337527040000140e-21 1.598060336550000037e-28
3.447607644710000141e-01 2.760069566620000045e-20 1.146528876690000066e-03 2.758165629749999974e-20 4.445599328759999734e-19 4.110072366849999855e-05 6.540516059290000239e-01 6.690081593090000160e-21 3.569262981410000194e-21 9.463504550749999487e-22
8.992566552810000170e-18 1.208558142409999893e-16 3.128258487520000102e-21 7.614547895389999966e-14 9.999999962829999589e-01 1.765877913950000056e-13 2.049434682910000079e-18 3.716684299420000142e-09 1.891562997389999884e-20 8.716688412489999548e-15
1.234156545549999988e-24 2.086020080029999862e-18 2.542533880629999953e-23 1.069116826069999974e-22 1.939925387759999872e-20 1.638806109869999998e-35 4.550790937819999938e-25 2.109479326779999941e-01 7.890520673219999503e-01 3.421577089919999640e-21
