1.238521825319999971e-15 8.030724369380000116e-01 1.235125367459999882e-16 6.523523683269999710e-15 5.828540315209999806e-18 1.969275630610000105e-01 1.160580613310000085e-18 1.325549145229999995e-13 5.339399258949999688e-19 1.308272497970000066e-18
2.424770369459999918e-08 5.062100837769999978e-19 9.999947520980000393e-01 1.138268369909999969e-22 4.828512720699999794e-20 3.027564847510000213e-23 5.073816872139999946e-11 2.565809023279999941e-22 4.307075755590000281e-24 5.223603581719999627e-06
1.675760879830000118e-10 1.227741600999999979e-08 4.694491344379999894e-07 2.401138714909999861e-09 1.042253480600000026e-07 1.914437523680000125e-08 7.114098566449999768e-05 1.623630151740000136e-08 9.999282350879999948e-01 2.537678453260000120e-11
2.452241855080000048e-14 4.336776923730000008e-16 1.406240499770000096e-01 1.337437717280000018e-16 9.562621508549999654e-10 1.821065110480000088e-15 3.066158344860000158e-14 5.764312674719999798e-11 2.108746720590000114e-15 8.593759490090000508e-01
9.862911947810000246e-01 2.841863427740000132e-03 1.004319757650000035e-10 4.699817919509999969e-09 2.266310254600000119e-10 1.086693514410000047e-02 1.297644649140000078e-09 3.146199296679999911e-10 1.739319752060000089e-19 7.650438204650000695e-12
9.206414681519999823e-14 1.056635928070000054e-23 1.729799550459999916e-23 1.000000000000000000e+00 1.375503515400000020e-17 1.026986906890000030e-21 1.483999480850000120e-26 3.258289038929999830e-16 8.710964249849999504e-20 4.605730646489999941e-22
4.594602024600000199e-23 2.319977202359999967e-25 1.024612953859999945e-18 4.260341173419999771e-21 3.875690511689999784e-01 7.398969586419999811e-25 1.687182444589999941e-21 6.124309488310000216e-01 6.543569307359999628e-18 1.041775929910000045e-14
8.612568213820000425e-13 6.841674373700000262e-14 1.182589050219999907e-09 5.587291660590000264e-01 3.604511820789999849e-07 2.727222656189999804e-13 7.553365558320000070e-11 1.385919057710000010e-05 4.412566025729999786e-01 1.046691380190000013e-08
9.902452116059999579e-06 1.641836706980000002e-20 1.503758689850000064e-16 1.319892019420000058e-18 3.158973624559999807e-19 1.788508907259999869e-20 9.999900975479999454e-01 2.853162163809999901e-22 5.822993679180000576e-14 2.967196451199999986e-24
1.620657034379999998e-09 4.919789517879999963e-01 1.294287970949999913e-09 1.128859882019999966e-12 1.524675459659999950e-15 5.080210452360000017e-01 5.495489332810000294e-12 1.492988442540000014e-14 5.447962239770000232e-11 2.968168877449999851e-17
