2.036366712799999867e-01 6.097564407009999542e-14 5.425295925209999873e-09 4.666074523500000285e-11 3.395958150709999799e-12 1.200250144520000028e-13 7.963633232450000321e-01 1.478028525449999893e-14 1.316102926810000024e-15 9.848243078599999540e-14
7.339866115900000264e-17 8.561673913539999529e-13 9.999969243899999860e-01 1.679988483370000118e-16 1.280192220869999982e-11 3.075595654459999820e-06 1.464132954789999951e-15 7.578638458409999633e-13 2.452805866290000104e-18 2.165163966940000022e-19
5.052351371409999692e-21 8.613843988769999574e-12 1.628134518990000024e-06 4.236653930799999786e-14 1.160010762790000054e-17 9.999983718570000235e-01 8.764414443680000124e-22 1.093156808459999921e-15 9.986052135919999799e-16 3.522827907619999624e-18
5.496017986349999684e-11 2.214060678779999811e-25 6.612508144039999740e-24 9.999999999449999954e-01 2.435992955789999974e-23 6.412467212699999559e-23 1.475902693809999948e-32 1.618013149740000161e-30 5.504718169750000296e-40 6.939445666349999593e-25
2.376145984609999984e-01 1.941100086479999799e-12 1.461903093389999993e-07 8.628123205609999523e-12 8.258422797030000119e-10 3.974966237529999660e-12 7.623852545089999655e-01 1.321704808070000064e-13 2.445588307050000090e-15 9.563893159379999811e-15
1.389153859629999975e-14 1.266396502419999955e-18 4.069352015940000278e-20 3.543629153309999805e-13 1.456186719809999969e-11 7.224264747539999690e-18 1.799291119180000035e-16 5.174262725849999736e-13 3.450858529330000162e-12 9.999999999809999762e-01
1.322302814290000063e-20 4.073462961570000331e-18 1.098986791300000047e-16 2.228741820229999958e-26 4.199052511220000006e-01 4.792683386520000232e-20 1.330629825300000027e-16 5.800947297059999563e-01 1.917210670369999921e-08 2.913958233260000142e-13
1.621940362589999978e-12 9.075269056900000106e-16 8.062573215170000109e-14 1.099299124390000050e-11 1.816775517879999983e-07 1.924648804399999857e-11 9.003035082540000662e-18 1.541231137670000030e-07 4.722021879579999672e-12 9.999996641630000127e-01
2.368676017710000078e-11 9.944739016350000460e-01 1.193945011789999987e-11 4.536229410069999948e-13 3.804807950700000310e-11 2.105060683109999905e-10 5.439565957890000223e-14 3.979864231609999994e-08 5.526058281649999689e-03 9.997764842250000524e-14
3.490742853100000138e-18 6.785979364530000391e-01 1.732026331109999964e-17 1.659305147759999933e-20 1.192428219000000104e-19 1.679612025809999934e-16 1.564349174739999950e-12 5.414662833769999770e-12 3.214020635400000048e-01 1.492903526539999968e-19
