9.933310541150000006e-01 6.653713834100000342e-03 2.585757946620000136e-11 1.428738783380000078e-18 1.353014334620000064e-20 2.482539892850000050e-11 1.523199996100000020e-05 8.504613053849999955e-17 1.634956913549999946e-14 2.739251942889999748e-20
2.484399483789999852e-08 1.566312783769999987e-16 1.096446443790000027e-03 2.023938105489999942e-06 1.423769563319999884e-13 7.286782569140000356e-13 2.944509980779999952e-07 1.974311820020000061e-04 1.141294065859999935e-04 9.985896497339999955e-01
4.260326243040000171e-16 9.890266440230000609e-15 8.050501867779999889e-16 9.999343545259999910e-01 6.559533805260000323e-05 3.361829869639999840e-15 6.777011259870000437e-14 7.796063518980000476e-19 5.077872394880000332e-22 5.013623077509999797e-08
1.328273897779999905e-04 1.855254380400000129e-12 6.972904671679999638e-11 5.508117079309999881e-14 5.771809078360000067e-12 2.144996505230000123e-17 9.998671725309999925e-01 7.026768893690000021e-16 2.142165134380000083e-14 1.826219484439999991e-12
3.251273455539999937e-11 2.458744424979999907e-05 1.096306684480000074e-14 1.234145788519999916e-13 2.045397625719999915e-14 2.097305409870000087e-06 2.286317488829999866e-15 7.631380084800000185e-01 2.368353063339999898e-01 4.043288367729999865e-10
4.239029661799999999e-17 3.086363678260000110e-06 6.810111895790000633e-27 2.606442739460000047e-24 5.124706132069999634e-21 9.999969136359999622e-01 5.037117478700000339e-31 9.024885129459999683e-20 1.167194327480000020e-24 3.440525724099999819e-26
5.333698885790000063e-36 5.647060830650000174e-30 4.978395687840000047e-27 2.683934100970000130e-13 1.000000000000000000e+00 3.946333256330000229e-22 3.818811659199999822e-26 2.459558858859999944e-23 9.982746311310000424e-30 1.900514646549999970e-25
1.999301910880000093e-16 3.061564412240000236e-17 4.498742921829999604e-16 1.107602866539999974e-08 2.097601256249999986e-12 4.745558343129999736e-11 4.091721649209999804e-13 4.366655952119999791e-17 1.585641749140000045e-12 9.999999888720000341e-01
1.054218408470000054e-18 8.220458481780000469e-19 1.000000000000000000e+00 2.321834839770000089e-21 1.284577069759999915e-21 7.349662101869999934e-25 2.053162596479999934e-16 1.790104459890000146e-23 2.291819711760000098e-25 9.881580028630000744e-22
2.775932160379999808e-12 4.968888622859999764e-11 4.241320268159999998e-12 1.252368333429999911e-13 1.827070142630000155e-14 4.228099232030000029e-17 1.525444359899999848e-14 8.704569997429999484e-01 1.295430002000000080e-01 3.211942088780000088e-14
