1.611562564770000005e-12 8.307216739079999943e-13 2.033570821540000129e-11 9.990402040270000006e-01 1.798867518899999884e-11 7.803622051220000219e-14 3.384435102960000052e-13 9.614138203599999884e-11 5.536761881669999919e-16 9.597958361479999546e-04
1.826320215759999938e-07 1.302936171680000039e-14 8.453956607809999524e-02 3.477458712190000190e-16 3.205051705579999716e-02 3.385285288300000089e-12 8.834097342300000211e-01 2.444858440010000154e-13 1.357579245279999916e-13 2.899896168029999992e-17
1.143467872689999991e-11 9.999999982839999912e-01 1.054030624959999941e-12 2.229342327970000042e-14 3.428834233519999949e-12 3.499356748760000168e-11 1.908003333260000117e-17 1.665463869960000057e-09 4.366436560940000184e-15 1.307030691890000076e-17
6.724793728800000203e-29 6.918887590129999481e-29 4.505443888359999871e-26 2.166605366749999994e-30 9.473551698880000822e-25 1.466118783499999889e-19 2.338763817440000051e-27 1.151285300790000028e-19 1.000000000000000000e+00 1.415029158540000104e-22
1.829346198079999900e-18 2.844584631260000186e-21 5.127268891509999538e-01 5.855804374999999623e-16 4.872729560719999964e-01 4.210745054010000213e-15 1.547765768040000015e-07 7.112473583070000005e-17 2.278983137570000142e-21 6.686749195830000209e-19
2.595787683249999960e-10 5.034990658850000225e-15 5.128872959680000453e-19 4.001861580180000044e-01 6.868477343359999959e-17 3.447584255010000026e-10 1.416946293030000080e-12 3.470917545330000044e-17 2.795133793680000062e-15 5.998138413760000232e-01
7.580821570200000205e-16 3.306329278910000179e-16 2.962592030900000181e-16 4.616559748810000217e-22 2.724423372330000068e-15 9.999999959480000422e-01 1.309867923510000022e-18 1.489873280210000064e-21 4.052421339650000160e-09 1.125193611329999994e-17
4.707631086720000072e-07 9.997199770619999981e-01 4.101986373199999876e-09 1.644142462220000014e-06 4.889609768390000101e-09 1.629028920810000056e-04 3.499342961490000037e-11 1.331409645859999941e-08 1.959576601999999878e-07 1.147868422970000057e-04
9.999999843039999448e-01 3.699943322130000213e-24 9.213218651780000176e-24 1.177299303220000036e-27 1.552726017089999920e-22 4.589135978359999893e-23 1.569637528899999927e-08 1.529043191720000065e-19 3.250989083210000174e-25 6.481433306080000308e-20
8.621690933379999261e-18 1.220015224729999935e-14 7.963299124570000130e-14 4.088702874140000124e-23 2.396015536860000151e-15 4.536141199829999802e-27 6.732732647590000282e-26 1.000000000000000000e+00 5.550237581689999859e-20 2.909274037269999836e-29
