3.807459046320000110e-07 2.113440187689999950e-13 9.999993145640000414e-01 1.202709794649999964e-22 7.901336418209999879e-21 1.648336769070000113e-14 3.046896863270000172e-07 1.126603709439999898e-16 2.481372557830000212e-13 1.361867962539999973e-14
2.639451033609999861e-11 1.163090792850000027e-13 6.571708872700000156e-14 6.625145044389999722e-08 9.999993457970000055e-01 6.474095500339999885e-15 4.481044045529999711e-11 5.867030836769999697e-07 7.280272781340000549e-14 1.177464583589999962e-09
4.773257600570000341e-15 5.213262783769999891e-17 9.431787547919999895e-25 5.516167053699999552e-25 2.648238425219999993e-20 1.834897396780000046e-33 1.067594995029999933e-15 9.486753433430000055e-33 2.617777838689999997e-22 1.000000000000000000e+00
9.099195352290000486e-14 9.974627681369999666e-01 2.422727614119999885e-14 2.537229558160000210e-03 1.545374086109999981e-09 3.061637067749999782e-11 5.837231049600000072e-14 3.174892330680000079e-10 9.317211951310000794e-16 4.110824874940000020e-10
8.139780263620000316e-16 9.885364541919999803e-01 3.666138561950000140e-10 2.322863003089999998e-12 2.189010749379999967e-14 1.146354543909999975e-02 6.082717732839999423e-14 5.876198220940000026e-14 1.128780698810000056e-13 9.833424192199999413e-18
8.449403915959999478e-17 1.104785985060000044e-11 1.003093869480000075e-17 2.612262510649999803e-16 1.163256231699999938e-19 9.999999999819999541e-01 5.601910578849999599e-16 7.177391783419999682e-12 5.143837458530000253e-18 4.396446862880000022e-23
6.648720775229999693e-17 1.301044536810000018e-18 4.604259590739999998e-20 4.790424104229999702e-02 5.600585341520000204e-01 3.047853881669999758e-17 1.357591114080000075e-15 3.920372248060000064e-01 4.816609652879999890e-19 8.281632729279999500e-18
9.241493550109999844e-02 2.253910096990000098e-04 4.095222028710000014e-04 1.727750184899999875e-01 5.161390862429999886e-03 2.520807467770000074e-02 1.622793937270000098e-01 5.277303877610000082e-01 1.136478740190000015e-04 1.368223789420000037e-02
7.126703263920000087e-01 8.139790064699999744e-19 3.718562176079999826e-08 3.111911211540000205e-19 2.064021570409999928e-16 4.599975238980000013e-16 2.873294544610000001e-01 2.999333049860000133e-12 4.326043953970000107e-13 1.819582824660000044e-07
4.153471662879999864e-28 2.547515966439999982e-30 6.865454109699999594e-28 7.654176700200000161e-46 1.544846339650000120e-35 4.682529948390000069e-30 1.571913778069999980e-30 1.802509349350000007e-33 1.000000000000000000e+00 7.815221410600000622e-30
