1.113468026670000015e-22 9.450036562930000531e-25 3.927905192700000143e-19 2.362222560150000152e-27 1.416642964609999945e-29 3.566911778080000136e-30 9.018870791440000849e-28 1.257784326660000096e-28 1.000000000000000000e+00 3.632116003419999932e-24
3.246248686179999954e-01 8.888672174169999843e-04 3.566676283040000062e-01 3.493807491369999713e-02 1.065683446099999973e-05 1.911760966640000114e-01 2.681133881109999957e-05 1.929219689880000101e-07 1.338504211719999968e-05 9.165341814560000466e-02
2.971800797529999893e-14 2.988467407690000101e-19 9.999999999469999512e-01 1.871278202339999974e-23 5.229949913280000031e-11 2.063851229489999965e-13 3.455054287919999922e-16 3.326522984449999748e-13 1.077346361420000026e-15 2.962046689129999969e-18
9.998332253299999639e-01 4.400396527709999716e-11 4.085620965619999689e-05 1.520660962950000001e-11 1.549412311370000077e-12 1.577406224989999873e-10 8.041114933180000426e-05 3.396469665940000187e-13 3.580262607990000066e-10 4.550673376839999831e-05
2.316973165229999788e-25 9.730461594579999929e-01 1.984156643139999937e-16 4.402612918560000120e-15 8.009181939389999958e-20 2.695384054239999966e-02 7.800341323319999953e-21 4.653898898120000011e-20 1.409602759139999946e-18 9.837164313750000116e-21
8.298651428199999982e-06 3.682346968550000029e-12 4.999857062049999998e-12 4.861303079470000074e-11 6.111786930570000634e-05 4.344698149919999774e-10 2.799792510259999901e-14 8.282468477269999167e-06 3.435140838189999817e-13 9.999223005189999958e-01
1.259407621579999955e-26 3.779116011859999915e-25 2.441644843870000059e-26 1.825949808980000067e-28 5.882388909809999957e-22 1.975911266790000026e-22 1.000000000000000000e+00 1.983204727089999973e-24 5.787490591529999847e-28 3.108534798329999957e-31
4.434758831530000106e-38 2.239661139609999953e-31 2.423004331009999874e-25 4.960414083220000187e-33 3.279439175389999850e-01 8.029857220490000414e-27 1.035363904219999956e-27 6.720560824610000150e-01 1.238142214590000030e-32 6.560879719779999963e-26
1.299726517139999897e-09 7.063273583710000247e-01 2.813295000740000057e-06 7.082312306090000111e-07 5.569889583189999983e-08 2.935673006519999850e-01 1.376101142289999983e-12 2.390464253440000001e-07 1.010197720019999953e-04 5.036322493919999885e-07
1.568988929439999937e-29 4.756997689749999966e-22 5.074302251539999867e-33 1.000000000000000000e+00 6.049080608080000205e-25 1.508005181310000018e-20 3.153614898850000181e-24 3.010184021739999972e-25 2.602832766510000134e-27 9.476838165460000576e-19
