6.040015548370000094e-11 2.590537089100000008e-14 9.999639124820000058e-01 4.570827946880000142e-10 1.203636771459999999e-08 1.425686889049999928e-12 3.491880468419999696e-05 1.149295483049999906e-06 6.750144473239999950e-10 6.187615229799999960e-09
7.240425654720000520e-20 2.696269147259999895e-18 2.110588558870000027e-22 2.648676053010000011e-28 7.407660835689999915e-20 9.999998068259999817e-01 3.088077341959999780e-20 1.814060545900000091e-12 1.931719797020000030e-07 1.127196432699999981e-24
2.293829645300000096e-20 3.363888242140000081e-29 4.379310319430000282e-21 9.015345154300000271e-22 3.266405344320000191e-10 3.591025282540000039e-17 9.999999996730000174e-01 9.731545545349999686e-27 2.676235007939999938e-14 4.207394700190000167e-17
3.990377579369999808e-09 8.706193635440000452e-14 1.971669598859999930e-14 9.905913237479999633e-01 4.300824556719999833e-10 4.153722727159999763e-12 2.696579035350000125e-10 7.149892734539999982e-05 9.319092616720000763e-03 1.808001334179999860e-05
2.436434994360000012e-22 1.763416437260000008e-18 2.868265251959999891e-16 1.457375588120000014e-12 7.586082148310000020e-16 9.093053501369999473e-17 2.713948739250000081e-24 9.999999992939999638e-01 7.044429229979999936e-10 6.051915926229999879e-18
3.210777259880000236e-14 1.000000000000000000e+00 4.723269074169999817e-25 1.417636954289999876e-26 4.090187287989999845e-20 5.340377458240000275e-25 3.680996441770000245e-33 5.324843013919999458e-26 2.247467177890000100e-32 8.413727096819999763e-24
1.183318914089999986e-08 1.051519355239999955e-13 1.784317617199999901e-11 5.790475095250000037e-02 4.925036504370000208e-13 4.371440109339999803e-11 8.009401051270000250e-08 6.639482443689999465e-08 5.463250654330000011e-07 9.420945443379999951e-01
1.173199268499999992e-22 1.412578755190000017e-13 5.193463970710000061e-24 5.366539049539999827e-16 9.999995215810000282e-01 8.692389952190000509e-12 4.784091039170000217e-07 9.709630696720000604e-15 1.272938374570000071e-12 5.174028165829999774e-17
9.999999996280000136e-01 3.714717451060000195e-10 2.321362651600000163e-16 1.596480206759999984e-19 2.881470651750000098e-27 4.215065558619999951e-15 3.795940597659999774e-13 9.412660133519999761e-26 2.909948896260000099e-24 1.139341174879999935e-14
1.423720817760000056e-11 4.527901838369999804e-14 9.999999999859999766e-01 5.340324106059999957e-23 6.177636375800000173e-20 1.202805988329999992e-20 7.987673469039999519e-16 1.366132991819999994e-14 6.510806290289999615e-19 7.245927855089999976e-22
