6.582573607110000060e-04 2.991364244839999816e-18 2.905684492010000226e-20 9.142334890909999956e-01 1.146235030720000058e-13 3.723162995799999975e-19 7.966622155649999618e-17 2.707074436679999841e-10 7.741833356619999832e-19 8.510825327769999671e-02
6.681033994599999408e-14 4.836403133569999973e-16 7.760582926300000350e-01 1.285138498609999956e-15 2.231467741819999890e-15 7.865015505760000059e-17 2.239417073699999927e-01 2.768255240360000063e-19 3.934162368919999803e-16 7.980754257099999978e-15
4.782994824120000254e-31 1.000000000000000000e+00 5.107626740009999869e-27 1.996699539899999974e-26 1.726100434709999982e-23 4.291122269840000242e-26 7.742864129030000323e-29 5.036315632489999924e-14 7.831811351379999604e-20 9.438845103959999981e-30
7.518442042680000460e-23 3.633966363779999814e-15 1.360494337009999921e-25 3.846644490449999662e-18 9.951708335729999577e-01 4.504046561869999832e-28 1.128872985459999914e-25 4.829166427139999773e-03 9.085655084289999707e-19 2.900061608219999919e-20
1.065189024779999993e-01 2.888433868999999814e-21 1.810084707470000123e-16 5.503853025750000266e-02 2.272578752860000112e-19 7.780058033970000336e-19 3.185724577729999723e-14 4.904085324269999787e-16 7.474047533919999523e-21 8.384425672649999939e-01
1.483825154020000111e-13 5.285897465550000055e-23 1.441628418560000139e-20 1.668461929810000086e-16 4.859398176070000218e-29 9.999999999859999766e-01 1.715689724040000068e-22 5.325599351000000002e-26 1.348151337820000021e-11 3.141014512650000038e-14
3.456115911220000118e-03 4.089901178509999812e-04 7.822780945370000696e-03 5.579512518139999886e-04 4.414449284790000205e-01 1.674339910679999892e-03 2.375415327840000018e-03 3.755376161459999824e-03 5.358543430100000116e-01 2.649758884789999835e-03
2.435696166610000049e-11 6.828788778330000415e-14 5.674303158500000068e-15 1.812194101460000117e-15 6.284171558029999975e-15 5.163513574669999738e-04 2.103987514610000087e-16 1.762845606029999948e-15 9.994836486129999864e-01 4.803855761660000176e-12
2.461140818239999956e-12 9.939345316419999632e-01 5.853502252320000137e-05 7.421301606710000481e-13 5.929843142659999814e-12 3.330372896609999836e-07 4.985944547780000355e-06 2.836385708109999879e-11 6.001614315480000364e-03 3.852150415360000126e-13
5.367574648790000100e-16 8.696323489880000141e-17 7.556056403119999487e-01 6.062587849030000225e-18 2.027488089359999927e-19 3.269890875929999973e-22 2.443943596879999958e-01 7.808816591080000152e-24 4.033592065969999987e-22 1.518265772270000098e-16
