4.786572341690000084e-04 6.907008601720000361e-26 7.311288996980000205e-13 5.108638288140000180e-20 2.056880487869999952e-22 9.995213417789999832e-01 9.187765415869999666e-14 9.863026164540000505e-10 5.925379731489999969e-24 5.665845326959999774e-23
3.857401833940000098e-15 1.000000000000000000e+00 9.368279473059999603e-26 5.770527384549999800e-22 2.251390036229999854e-17 3.202572402390000229e-22 3.689698714849999807e-26 1.287688458059999973e-25 1.426958277170000030e-18 1.159261821850000041e-21
2.899748657599999804e-20 1.473431094159999965e-10 7.399260982460000481e-21 3.859945093890000283e-20 1.175142799250000044e-10 2.449313200070000024e-20 1.066716573150000072e-20 6.662872216880000232e-13 9.999999997340000002e-01 2.786673350270000148e-13
2.797030956330000094e-24 1.021144425149999972e-32 6.072456121299999454e-01 1.088998818960000052e-32 3.145876429139999934e-30 1.180739747520000044e-36 3.927543878699999991e-01 1.713721564090000082e-25 1.770064318159999910e-37 4.421373349499999654e-27
2.724216101589999982e-10 4.727322827419999873e-11 6.281308446600000241e-03 2.635463327670000164e-07 9.324135435879999934e-01 2.718748781080000156e-04 6.008957326510000127e-03 5.502395638660000088e-02 2.203634571559999894e-11 9.548628229609999678e-08
2.882961391719999881e-20 2.897845558600000013e-21 9.263391712699999828e-22 3.802527075989999839e-01 3.194507891200000123e-15 1.137953097429999902e-16 8.703343356940000088e-21 2.742827115999999866e-23 1.624631256589999948e-24 6.197472924010000161e-01
7.771748579779999706e-08 1.860029617040000104e-05 5.243189555959999569e-07 3.286852931880000071e-08 2.531376045329999935e-01 8.932342614530000037e-04 1.068334813729999967e-07 7.458843193020000539e-01 6.530507393100000641e-05 1.947945894250000084e-07
8.844921407590000652e-15 1.549561162109999919e-13 2.660749840909999955e-21 2.559350721189999900e-02 1.787827478369999876e-10 8.781131114220000108e-12 1.091356493760000056e-19 1.950265864680000098e-19 3.347093449500000130e-15 9.744064926000000071e-01
9.480704850500000225e-01 5.192949485050000341e-02 3.889016875589999634e-12 6.978373209919999958e-13 1.648815738900000056e-13 1.873925788640000035e-08 6.181560651359999571e-13 2.141689359950000039e-14 1.354412972899999973e-09 4.239893247879999885e-13
1.161839430589999989e-08 3.507119968199999668e-05 5.345947965370000256e-05 2.394236269170000176e-10 1.973523587850000045e-03 5.955184667440000272e-08 1.394574645699999959e-05 7.873928670120000148e-06 9.979160515620000282e-01 3.085860797310000147e-09
