1.846709794810000118e-26 1.343753863630000111e-32 4.103562844490000194e-01 9.288579721730000441e-24 2.555738865180000153e-27 2.583747073659999807e-16 5.896437155510000361e-01 1.016801805189999966e-22 2.078319308240000041e-23 1.600255580040000032e-27
1.604181688639999981e-07 8.111045472850000301e-11 4.739593128990000145e-11 6.942429705239999693e-01 1.439614756939999947e-08 1.341868541839999964e-12 6.831156848939999573e-11 3.750962154070000166e-13 2.809276294870000229e-13 3.057568544620000162e-01
1.013727007350000017e-12 2.026358686800000077e-10 2.665892235120000138e-11 1.273280842640000004e-06 9.955168710739999982e-01 1.996247439230000022e-11 3.944807562429999676e-12 4.481843767220000316e-03 3.360958770739999958e-15 1.162388043699999922e-08
9.038824805870000457e-21 3.138673742880000211e-17 1.283150494530000092e-18 8.468135663699999895e-25 3.103386510529999864e-02 4.247963977819999880e-24 2.861766869829999811e-19 9.689661348950000530e-01 4.276222254730000083e-20 3.385595837299999962e-17
5.876496956570000096e-02 3.713628338549999951e-04 1.610682213669999979e-08 1.626067600900000145e-08 2.270596904129999965e-17 2.399841272230000027e-08 2.144009668700000117e-08 7.942521061689999414e-14 9.408635897870000209e-01 6.970543643000000212e-12
4.713681403919999929e-22 1.000449425260000009e-19 4.378493052510000215e-21 2.985135202449999948e-27 1.979042264390000033e-23 4.185095574530000127e-28 5.858712351240000163e-22 1.609999664959999904e-19 1.000000000000000000e+00 7.583658354009999825e-24
5.463036998269999974e-04 9.994536963000000274e-01 8.836046119009999795e-28 1.811150927520000079e-26 2.473742620559999841e-25 5.508936618029999951e-17 5.863445944249999851e-28 1.695789807859999866e-20 1.240582724610000072e-23 6.440659559390000178e-19
2.324153193559999797e-06 9.538796266719999594e-13 3.538337492769999737e-18 1.408464932149999949e-11 3.393924724209999953e-18 7.063937440979999637e-26 1.166539702899999932e-17 2.205333218780000004e-20 2.612893115299999922e-20 9.999976758320000547e-01
9.330358439879999648e-06 7.458896134989999880e-04 2.473526833970000134e-04 5.474031727379999879e-01 1.280082006209999901e-01 1.035275705049999995e-01 5.274090887059999615e-04 2.195304919169999980e-01 2.790669745860000031e-07 3.034071765300000177e-07
6.136993253079999736e-19 2.018272433389999887e-15 3.666633533210000255e-08 2.998807290390000102e-12 9.702895357870000232e-28 9.999999123020000269e-01 5.102890271699999786e-08 1.764877914340000050e-24 7.858221791610000142e-24 5.571214973059999694e-30
