1.950820787290000090e-06 1.919208288879999946e-01 4.128338248729999759e-14 1.487102933060000094e-12 5.225248537070000240e-06 8.080719947910000034e-01 1.834815354839999880e-11 4.398504703879999792e-13 4.038982510939999785e-11 1.905718693089999939e-10
6.287187497469999966e-09 6.850890286809999674e-01 3.874963995819999838e-15 7.300787559099999341e-15 1.425033259580000075e-11 3.149109649829999746e-01 3.470401979430000268e-11 2.120435715150000107e-15 1.422942982080000043e-19 2.029400241680000008e-18
9.729590733300000017e-19 1.956403813759999956e-19 9.999999998609999663e-01 2.723941886880000038e-19 1.768050804970000093e-20 2.577516651420000105e-22 4.087195923050000150e-14 1.385648437009999955e-10 3.033798942939999779e-26 2.036840382839999863e-26
8.647631182159999667e-17 2.563432378080000198e-22 9.669335838960000252e-20 2.822404771680000078e-06 1.039867919239999985e-06 2.096845843769999814e-18 2.632602084510000039e-18 3.763183449869999962e-13 8.477750307889999576e-20 9.999961377270000229e-01
1.530726974020000069e-14 2.842672738280000064e-11 8.301705652059999975e-10 7.313518029200000159e-01 2.637451754010000093e-01 2.168005498299999969e-08 1.310503078549999966e-12 4.477196109250000355e-06 4.267375848300000019e-12 4.898521939280000431e-03
2.623852881839999733e-29 6.012787710070000312e-29 1.623074035230000013e-34 2.717904401760000160e-46 2.130223609290000099e-36 1.265089462480000072e-37 3.619624424580000108e-39 1.125130018450000048e-28 1.000000000000000000e+00 1.246785441380000055e-31
1.239746848080000054e-02 3.976154898789999756e-04 2.226807429720000062e-04 4.524312723919999835e-01 1.115487185079999943e-01 1.780566807199999990e-02 1.500638740799999961e-02 1.645510838229999884e-01 1.040120430700000043e-01 1.216270620140000036e-01
7.232669850890000030e-01 8.952554857259999582e-17 1.333742283070000035e-18 6.430044166780000199e-21 1.252555463209999978e-19 2.258995416820000094e-18 2.767330149109999970e-01 1.086628696110000025e-18 1.504735030909999894e-17 2.489014584899999901e-20
3.141654886600000335e-02 2.282303153859999802e-06 3.235168700030000133e-06 5.970651207160000285e-06 6.468326248909999577e-07 1.255077794459999924e-09 9.429389617169999793e-01 2.563163803190000173e-02 6.921879852010000209e-07 2.298593396900000063e-08
8.019459159300000038e-19 3.911907284899999844e-14 9.987698766039999621e-01 1.169216419850000099e-10 7.514570707149999327e-12 2.185271570240000105e-15 3.678881544800000147e-15 1.230123271870000104e-03 8.752149501999999523e-17 4.191032699759999909e-16
