2.381095602070000066e-10 7.791933141760000557e-15 9.316293833800000474e-18 7.522221464480000064e-01 2.477778532809999934e-01 4.980401118969999804e-14 4.649652206909999740e-17 1.824528518189999952e-11 1.466113250990000007e-11 4.950676593369999939e-14
2.940266308659999899e-10 2.987301918199999906e-01 5.033111951239999991e-10 3.029930471739999888e-13 1.561868477120000111e-11 7.012698059759999714e-01 6.250918683589999554e-11 1.125700676110000033e-14 9.798432968219999666e-15 1.328232209519999906e-09
8.455199309800000007e-01 4.453391076190000351e-22 1.977969143679999887e-07 2.384774283620000156e-25 7.721560450550000268e-26 3.480909755410000068e-26 1.643455719159999980e-08 1.251448493960000000e-24 8.898283728379999256e-28 1.544798547890000040e-01
9.585024434200000104e-05 1.394678254890000028e-06 1.936712837579999957e-01 1.728012890129999868e-01 3.239289893369999840e-01 1.401251127759999904e-03 9.659726544379999835e-02 1.942462376669999990e-01 1.723557196689999918e-02 2.086676426740000022e-05
9.063047233409999691e-16 4.836433242660000110e-15 3.840267551140000191e-22 6.873494004069999885e-01 3.126505995919999781e-01 2.266753475609999957e-13 4.509066432530000006e-22 8.831271810220000299e-18 3.652114729020000139e-18 2.147303540399999902e-21
1.432777897770000022e-27 2.091345396979999975e-25 9.149256799559999960e-29 9.025280993730000071e-24 3.457513971869999926e-21 2.852771703330000144e-27 6.450447814920000016e-28 4.649697373819999889e-14 1.000000000000000000e+00 1.549751846049999912e-28
3.094468876149999861e-09 2.186588132159999904e-18 6.845620548909999714e-01 4.941417073200000241e-22 4.703421898969999707e-23 1.704243077889999869e-20 3.154379278339999870e-01 2.010851995819999935e-18 7.460266449880000483e-17 1.418123370740000055e-08
3.281816916119999875e-27 4.505341349149999786e-29 4.725428881080000023e-21 2.687171494580000116e-27 3.382184517149999797e-26 1.638667054909999844e-27 5.170295937669999683e-21 1.000000000000000000e+00 6.292366576650000116e-23 5.425455757140000053e-24
4.139517251800000168e-10 6.125057456429999769e-01 6.197012579109999985e-10 5.756672770820000514e-17 1.933992517320000121e-15 3.874942503209999889e-01 2.964603283550000034e-11 1.679548324249999875e-14 1.172211559109999914e-16 2.973194260120000023e-09
8.701708257319999992e-10 5.058916190850000216e-01 1.526548914720000078e-09 4.608955017019999853e-07 1.770328238799999919e-06 4.941061321860000244e-01 5.263789867759999966e-12 4.372298820429999919e-09 1.221466963010000052e-11 1.071859783799999978e-08
