9.899191001949999569e-01 9.438817811070000151e-08 4.097479710529999646e-03 3.211808642339999987e-06 1.378146826689999937e-07 7.813089923440000306e-04 3.565795322110000207e-03 3.166928967389999873e-04 4.047860038939999779e-09 1.316174823689999921e-03
7.076391680180000066e-19 5.512533740289999769e-25 3.129870756109999874e-18 4.931752170830000041e-21 7.585204720960000510e-08 5.425483982009999951e-19 9.525285999110000290e-01 4.747132423389999883e-02 3.392454307360000057e-12 6.768490584700000493e-17
6.100638291690000205e-14 9.086375080460000071e-19 1.348526316690000011e-09 9.670207071380000352e-01 1.109301553210000034e-10 3.412654473760000126e-18 4.795834175740000057e-12 3.860924176210000036e-10 5.974077740569999693e-13 3.297929101130000346e-02
1.808233583340000107e-10 6.252018698920000128e-15 4.027293314979999640e-09 9.799318312939999664e-01 1.125213121299999923e-14 1.346801190960000035e-15 8.951345203409999882e-19 1.656824003509999955e-15 1.800889476659999903e-14 2.006816449810000166e-02
2.705486817170000048e-16 7.084714765449999785e-01 2.580024056660000006e-25 8.154668786889999604e-29 7.814947770939999893e-23 2.915285234550000215e-01 3.141426588049999793e-31 2.144149044839999946e-23 5.821712314259999916e-20 7.933943996780000073e-24
8.430046610250000461e-01 4.305602302189999973e-07 1.827048592250000121e-05 1.859694711450000053e-12 1.675872211849999914e-16 1.529045881770000042e-03 9.513563638739999673e-09 2.829999340379999851e-10 1.554184538070000066e-01 2.912844109689999926e-05
1.031684760810000015e-19 4.149866214489999711e-23 4.407104172250000446e-22 1.078996016549999946e-17 3.900943001339999929e-22 1.182151314459999971e-18 3.243458510079999986e-16 1.428725140890000000e-18 9.999999998949999913e-01 1.051815119940000060e-10
1.846653862800000011e-14 2.502059313680000157e-22 9.999999999990000221e-01 1.273377158740000039e-13 6.559280501030000154e-19 1.015367781599999984e-19 5.309202683949999940e-18 1.556732359809999917e-16 1.461588845020000029e-24 7.425890103700000320e-13
5.300433113149999748e-28 5.533083263319999760e-17 6.635291366090000021e-18 3.396907815340000046e-15 7.953594336689999711e-01 2.182918550589999962e-17 1.443707195679999947e-05 2.046261292590000058e-01 3.759801272039999844e-22 1.619183865849999934e-21
2.562209519619999847e-19 9.160274444470000166e-01 1.443420769029999920e-17 4.155981768730000182e-13 8.397247375270000536e-02 3.287647589480000075e-09 3.489559218439999929e-11 7.847721358660000211e-08 4.286628013259999801e-17 2.272999286230000205e-22
