1.213412716940000085e-21 5.139990150719999773e-19 1.453789797229999924e-24 9.304979688740000476e-01 1.410427481230000037e-21 1.281878728319999995e-14 2.821339858659999981e-19 1.068255349350000035e-18 1.121153650430000037e-23 6.950203112580000120e-02
3.154905147920000096e-29 1.582736045300000075e-02 1.225241853069999885e-19 2.979190588220000097e-28 9.547286653049999516e-28 2.778290223419999849e-17 3.416621859640000061e-28 1.374259470370000043e-30 9.841726395469999611e-01 3.456698864789999862e-25
2.071044768710000077e-11 8.270202791910000628e-08 2.042222478050000059e-06 4.574646685049999681e-15 9.314339218360000450e-01 2.864757859479999807e-07 1.922119045919999958e-10 6.856366653539999745e-02 1.477067923000000124e-11 1.566388513460000103e-13
1.124218271069999944e-17 8.933698989280000322e-17 4.420808227609999932e-20 9.670858944889999531e-01 5.535316242649999874e-19 1.084632026179999979e-14 2.752896257640000040e-16 3.330945463190000131e-18 5.585452019550000423e-23 3.291410551059999884e-02
1.034064422869999944e-01 5.690340603799999911e-03 1.055311866679999940e-07 2.499775744220000123e-02 1.205245384200000046e-04 1.831915971280000111e-01 7.004853621480000569e-02 1.830841325470000114e-01 4.137914820379999803e-01 1.566908166949999848e-02
4.627179351790000061e-01 4.114440669209999829e-18 9.169788567600000066e-15 1.615310213829999936e-15 2.996931991360000149e-15 3.466612092360000052e-18 5.372820648199999605e-01 8.658736785060000039e-13 7.077099233100000424e-19 4.032990773089999665e-15
7.533065430609999780e-01 3.041525431460000142e-21 1.256870839349999959e-17 1.807038649839999944e-23 7.929715161690000425e-23 9.825513666729999362e-25 2.466934569389999943e-01 2.534870950079999929e-19 5.620655048960000001e-21 4.129335248400000079e-23
9.234327706370000159e-18 1.393118052680000046e-08 9.999999860689999798e-01 8.043314923639999958e-20 1.120846401790000039e-17 2.961670884699999900e-23 6.739522260600000019e-18 1.883989735930000040e-28 1.915992918150000054e-17 2.059045044699999942e-22
3.930318574349999711e-14 1.452025284259999955e-05 2.985078626199999854e-11 5.204778364200000023e-14 2.178754627459999930e-06 9.996474057009999692e-01 9.194861654479999952e-14 3.358952451089999998e-04 1.363518756019999966e-11 2.821082739569999991e-12
6.041277848050000244e-18 8.444736716800000168e-17 4.472373742480000102e-14 4.050105241919999818e-20 9.355604789750000538e-01 8.975678945349999571e-14 2.774943742579999962e-17 6.443952102529999781e-02 1.665213577350000001e-17 5.992696595110000217e-18
