7.628860896509999367e-12 9.999963057340000017e-01 5.228838548689999887e-20 1.222195280050000073e-13 3.691275887989999839e-06 2.982402329330000038e-09 1.568177922360000082e-19 1.112222406960000038e-17 2.717713488699999853e-17 1.141047516110000065e-13
6.207607035219999790e-20 1.060719076109999950e-27 6.693806270000000270e-06 6.750511449110000219e-12 1.187515532930000063e-21 5.439075947319999497e-20 9.999933061869999973e-01 4.958626690770000073e-21 9.584865304390000139e-22 5.392393876630000183e-24
1.750467739710000151e-11 2.825675794579999900e-11 1.506665422590000017e-04 2.215728200490000042e-05 7.642439900819999958e-10 1.008329636390000025e-04 1.013260783990000082e-06 1.807906584349999880e-07 7.708312221810000042e-05 9.996480652279999823e-01
9.106956931650000536e-16 1.150208565509999966e-12 1.035932693490000078e-12 6.559795398810000470e-13 2.142482041009999951e-16 1.161092372689999957e-05 1.037857491680000000e-18 4.218386744689999991e-12 1.111704188749999936e-15 9.999883890690000054e-01
4.086714812799999805e-08 9.996250640580000013e-01 3.467975607790000136e-17 8.729458421619999808e-14 3.748884087479999985e-04 6.665283633990000193e-09 7.282266775039999675e-15 4.531275939790000182e-15 1.004654985800000071e-12 9.553340277879999764e-17
9.999999999340000167e-01 5.029693977420000080e-14 2.647124575780000166e-12 2.836576749719999693e-17 2.220646079790000082e-17 1.074605307559999951e-16 5.393826473240000212e-12 1.097643758669999910e-18 5.776828618119999801e-11 2.995995637669999772e-20
4.422023074559999692e-22 1.100656410729999934e-17 3.392520703529999883e-09 6.011530283799999608e-23 3.069372837360000156e-07 2.340064326009999886e-07 5.358458783940000311e-13 9.999994556629999698e-01 2.477407346679999882e-22 2.072588638389999991e-16
1.646054230660000097e-27 4.385711284829999942e-25 1.168954174210000054e-30 9.999999999959999775e-01 4.012241035789999640e-12 1.373245546450000070e-32 7.480927708399999416e-18 2.006825137030000021e-26 2.565327457210000219e-22 7.511868638910000590e-21
7.249425433999999721e-07 1.289052781929999919e-08 1.817893153840000053e-01 4.960179232999999838e-11 1.328042724040000006e-08 1.075921849389999962e-01 4.910898908930000378e-06 7.081947095080000087e-01 1.246975131709999937e-07 2.418003409400000178e-03
1.579343785390000001e-20 5.749374050909999850e-26 1.156104675619999892e-25 2.805194583329999932e-27 1.807936984869999967e-24 3.977191472770000066e-23 1.732370151390000107e-26 4.970199525010000193e-26 1.000000000000000000e+00 6.309408494620000366e-22
