5.437881278699999716e-17 9.999693978639999647e-01 5.724092107080000408e-22 9.990483093810000913e-13 3.054297103720000260e-05 1.884660704520000190e-18 6.089456044339999842e-17 5.808244800459999847e-08 1.081255468630000030e-09 2.641149735799999997e-15
9.427447276319999942e-12 6.951800050589999985e-15 3.380269396389999903e-01 1.616114175130000144e-17 2.720858709020000115e-12 6.619730602369999772e-01 3.358582533150000000e-12 1.074258468480000026e-10 2.501068700160000072e-14 9.756484908359999458e-13
2.694640093520000030e-05 4.037450751550000078e-02 9.851160945690000566e-05 4.952744606149999986e-10 2.980087396269999966e-04 9.591915047879999712e-01 1.830050460490000017e-06 8.687895858749999689e-06 7.581356326220000036e-10 1.747047624280000021e-09
1.087533026890000062e-11 1.089773989049999989e-10 2.599730895179999894e-15 1.118885549429999955e-13 3.227478846619999850e-18 5.982468759119999608e-13 6.721164274630000308e-12 5.009984506669999947e-14 7.542416625879999614e-01 2.457583372849999892e-01
1.548902301620000018e-13 7.994730064539999857e-15 2.003188126529999990e-12 3.403101736109999805e-09 9.497619686340000899e-16 8.856940811160000413e-13 1.733045202410000083e-13 1.727912811340000070e-13 3.575714145509999858e-02 9.642428551380000101e-01
4.806599190229999741e-26 6.972558423580000496e-24 6.996582982180000532e-23 9.999999999990000221e-01 1.040104465450000017e-19 1.553865630880000018e-30 3.494948000480000141e-25 3.369753139900000190e-19 4.204589810739999851e-22 1.222449103650000078e-12
5.918630940550000386e-01 9.332807414079999573e-19 1.397339277199999915e-19 4.281754242530000003e-22 1.081679711249999986e-20 2.174367483990000112e-20 4.081369059450000170e-01 3.845985986270000057e-18 1.412247300830000016e-19 2.906989751719999850e-20
9.549719332580000103e-21 1.422208885249999987e-04 1.346867277579999992e-15 1.341085088349999955e-15 9.212540213519999632e-01 3.587223516670000015e-22 3.651497448559999741e-20 7.860375775910000140e-02 1.192089004630000118e-16 2.192885222500000134e-26
4.985647977029999955e-01 2.286137322870000011e-18 2.629171460470000189e-16 4.178028445140000347e-21 2.093228580840000034e-21 9.967984051870000136e-18 5.014352022970000045e-01 3.413829051239999885e-19 1.638655244579999978e-21 6.262400543079999832e-17
4.955472809810000411e-16 2.034742893449999904e-20 9.999997555359999568e-01 5.359977511140000374e-18 2.016086204359999996e-11 2.443194454239999757e-07 8.196338108639999783e-17 1.246510034190000105e-10 6.915352533669999652e-18 8.495449818559999506e-17
