6.141706958860000328e-21 3.792712132510000228e-22 2.409163663499999851e-08 6.223956682000000194e-26 4.571989465580000238e-28 5.076478716759999587e-28 2.130564173519999954e-12 2.957271686550000034e-21 9.999999759059999827e-01 1.407163992129999971e-16
1.092427243299999989e-01 1.458810684890000098e-01 2.483049282919999878e-01 5.637574699919999793e-02 2.097901386430000015e-01 1.113142881000000056e-01 6.096720462880000219e-02 3.156545289320000086e-02 8.181475688290000201e-03 1.837697193640000157e-02
5.626666140859999681e-30 5.013057917579999632e-25 3.023276727969999983e-28 2.303152482280000098e-21 3.594970228049999964e-27 2.668343789730000123e-15 1.212528663759999943e-18 1.000000000000000000e+00 3.503382425580000172e-13 5.625024907109999527e-26
8.733303599769999577e-13 9.999999930899999834e-01 2.924346409210000189e-19 2.005705671389999894e-19 6.084263232509999898e-18 6.908800374080000295e-09 4.304434802520000190e-20 1.854201214950000113e-19 2.853131673130000069e-15 8.310948879210000618e-21
1.643368821649999918e-18 1.566942418489999997e-20 9.659147898800000051e-07 6.279635399680000458e-04 3.096088924009999799e-01 1.039164348089999909e-21 1.730029162559999956e-15 8.550909194829999744e-19 1.289491084809999926e-17 6.897621781449999601e-01
4.439042580230000361e-21 6.668431829320000195e-23 1.508948698250000047e-30 9.603362143530000572e-17 2.724277871690000192e-26 9.999999755820000447e-01 9.551847770200000582e-24 2.441847198809999997e-08 5.313083319860000066e-21 1.513619870170000060e-21
9.510835439310000305e-01 6.492455767340000435e-16 1.204098324569999973e-09 8.578705924390000094e-18 1.546537164889999956e-24 1.024821145549999934e-18 4.891645486019999961e-02 1.720852106840000061e-20 7.777666226940000574e-15 5.176045096070000227e-12
5.000455970410000143e-15 1.000000000000000000e+00 4.659839181919999779e-18 9.417513279509999971e-22 5.727230175569999876e-15 1.472082591309999949e-15 3.982186931189999703e-21 1.937480503879999946e-22 1.333779789540000010e-17 1.168745107580000114e-19
1.697446181320000054e-04 7.628413000179999626e-02 2.688533562530000232e-04 8.396094790380000117e-02 5.105091430870000169e-01 2.142586254830000092e-01 1.331295921880000010e-05 5.206929043350000137e-04 2.433857857269999987e-04 1.137711639010000053e-01
9.587947488150000468e-16 4.588513957679999683e-16 1.505439993339999900e-04 2.151580022089999988e-01 7.741322173879999768e-01 6.463994200159999981e-14 1.615909872940000042e-12 5.342509968969999521e-10 1.719787271759999868e-11 1.055923585070000018e-02
