3.535934521599999907e-20 1.478365126969999943e-23 2.207768564310000156e-24 5.723909250569999552e-01 9.753683731659999952e-23 2.256673542980000143e-27 4.013935875350000243e-14 7.573314531690000509e-24 4.736646783229999804e-16 4.276090749429999893e-01
6.351722385269999993e-01 8.240535306230000441e-10 3.633836550840000013e-01 6.004994202479999727e-17 7.524269777980000202e-19 4.509136068919999583e-16 1.444105564610000027e-03 9.741846430540000796e-19 5.844613023010000601e-14 8.395936614319999562e-17
5.261079496160000479e-01 8.262345764380000591e-08 4.080734786970000028e-01 2.712565567020000032e-17 4.675461810900000326e-18 3.452262446810000096e-15 6.581848906399999366e-02 8.551500634860000217e-17 5.169530013830000364e-15 2.461969488719999957e-16
2.241435181059999890e-17 1.194200409170000082e-15 3.515614363080000213e-18 6.431512008099999900e-01 7.398716359889999771e-16 3.858362911890000006e-16 1.139545054569999993e-11 4.583230585760000253e-16 6.617825294959999527e-10 3.568487985170000210e-01
6.931205737400000176e-14 3.521892546640000020e-18 1.088264020229999934e-14 7.810329518990000141e-12 1.151903261489999945e-11 1.803407230759999925e-07 2.687668405080000063e-13 7.741984441690000425e-12 9.999998196199999523e-01 1.184773981819999987e-11
2.421209044570000144e-17 5.851540229409999866e-16 1.941752799830000018e-15 2.948055762280000087e-13 5.323585341030000473e-01 7.736859675339999955e-16 5.603242574789999817e-19 4.676414658959999748e-01 1.572847534910000119e-19 3.068292239930000190e-13
3.058213011699999990e-18 9.177588438900000116e-21 1.059783566099999977e-14 4.231974340089999885e-22 4.377451264830000133e-01 5.751481398249999835e-18 1.778863392359999874e-23 5.622548735169999867e-01 1.684186992389999954e-21 2.667143226229999868e-23
2.294466334250000025e-12 9.999999997880000269e-01 1.490945378650000089e-10 1.694580645109999960e-11 1.042189694280000049e-13 2.349677885330000122e-11 2.188642330930000010e-14 1.354780555859999944e-14 7.238200168559999840e-24 1.974828282790000107e-11
3.170612778710000122e-06 4.849243945189999905e-01 9.640489571129999763e-04 5.472932149390000107e-08 2.091860154550000041e-03 5.075978255390000138e-01 1.604810478060000024e-07 4.417850259430000127e-03 4.772356179080000359e-07 1.575127340949999896e-07
9.004182554750000274e-20 5.326182419530000010e-17 4.606956513630000231e-18 1.605368785900000066e-20 2.581042058819999965e-21 9.981703974950000280e-01 6.323893936270000295e-21 2.942468770240000217e-20 1.829602505100000071e-03 5.628001138779999720e-20
