4.351933329469999771e-17 2.868189672219999981e-13 2.906986656189999969e-15 5.659572749560000438e-22 6.773284253719999839e-22 1.000000000000000000e+00 3.236978128009999744e-17 6.026835294459999741e-22 1.592200340109999980e-18 1.159100255219999915e-19
4.961350506669999967e-07 2.249105083050000108e-09 1.997952952840000112e-17 2.043673324299999917e-11 3.305735133270000237e-01 2.046132216739999941e-15 1.832770070940000015e-13 6.694259315689999879e-01 5.669895634400000126e-08 4.181287064790000017e-13
1.905945021609999901e-01 1.163247701639999986e-02 1.591115678779999876e-01 8.245238572739999542e-08 1.245528466100000045e-03 3.222713852439999980e-07 2.364308426590000029e-05 1.614199495970000068e-03 6.357747913240000548e-01 2.885850465289999904e-06
1.132306615409999994e-14 1.471317040069999922e-15 4.981548208949999597e-19 7.825873734620000394e-16 3.758898160170000002e-01 1.089887918089999975e-17 3.052636700830000043e-15 6.241101839829999998e-01 4.669328900319999738e-15 8.818872149310000704e-19
3.203760154880000200e-28 3.238074305700000171e-28 1.920499615310000009e-18 9.999999933230000471e-01 1.694719896999999915e-15 6.201371025589999854e-22 1.885628534500000079e-19 4.240174109509999695e-17 3.511389315290000004e-29 6.676892555440000111e-09
8.714285684569999400e-12 2.650675346319999970e-09 3.744142960860000048e-08 3.199261624090000305e-17 1.955682225789999912e-17 2.109366688890000068e-07 9.999997489619999458e-01 7.038283378040000176e-16 8.412229691809999958e-13 3.497159745719999915e-15
1.244203722030000000e-09 5.712464607360000136e-09 1.795971090089999990e-09 1.040301939359999972e-06 5.423249989030000405e-07 2.936091296600000142e-15 9.999792273309999757e-01 1.918076900459999835e-05 2.036741506379999968e-10 3.169582870609999786e-10
6.595303095000000504e-02 5.261090272730000426e-03 8.726234621049999747e-26 6.629029015019999647e-26 3.161832291730000124e-21 6.847043660420000369e-19 1.624111419140000070e-21 7.542901754580000314e-20 9.287858787770000291e-01 1.496976969919999913e-15
1.644859867879999943e-04 3.901112305349999805e-06 1.558648652499999880e-10 5.627139267849999518e-10 5.860066753709999642e-14 1.436361733520000070e-11 7.326496646809999701e-19 1.439593996559999990e-14 5.820269785450000043e-08 9.998315539650000083e-01
1.225869928269999971e-29 1.517745472660000034e-31 1.000000000000000000e+00 1.177834958169999979e-18 5.469842522690000405e-26 8.670198617879999421e-24 1.170084084480000035e-26 3.972634682099999845e-29 2.592283593559999956e-32 1.251865671459999977e-14
