2.253097529700000063e-15 5.685811940760000069e-14 1.972197820939999927e-15 3.393294273580000163e-22 9.265163715170000506e-24 9.999999999990000221e-01 1.736505252630000132e-14 2.421934075599999899e-17 1.209876320120000063e-15 1.209540385689999911e-12
1.979818845689999911e-17 7.073455189650000367e-14 9.052229259500000164e-31 1.000000000000000000e+00 9.977800223600000091e-28 3.622981530690000068e-33 1.279047145829999970e-16 2.634662316820000171e-22 1.982505877779999937e-27 5.327175900880000380e-23
8.333037641520000537e-29 4.684899213000000233e-22 8.939435914489999811e-19 1.752605404220000034e-33 3.234915340250000058e-34 9.236880384280000575e-28 3.008158229069999789e-25 6.407928623309999839e-29 9.999997985709999648e-01 2.014293657220000024e-07
1.435111908380000095e-13 3.135198796529999887e-06 2.803740642240000007e-08 6.062854033610000540e-08 2.062447661749999812e-09 9.036064209840000139e-01 2.931486632299999903e-12 9.639034398529999770e-02 2.943251286889999879e-12 9.097946386620000479e-09
7.948423299550000376e-01 7.691751908369999725e-10 8.429447507420000622e-15 2.304569304799999993e-12 1.359644802089999916e-18 2.425465893370000177e-16 2.051576692740000041e-01 2.217488808680000079e-25 7.508528073090000736e-21 4.421432495019999903e-17
5.982049886550000564e-23 5.669777712390000541e-20 3.841999031349999901e-09 1.103052012190000036e-13 2.967214120660000080e-15 2.760452016609999843e-18 1.234217357880000079e-21 9.999999961579999486e-01 3.237087176000000281e-20 2.360264353060000140e-17
8.651396177369999885e-01 8.436148663409999443e-08 3.316605410739999898e-02 6.525866468899999472e-11 5.138186059700000454e-10 4.287560089309999656e-03 7.319429645210000224e-02 3.328568768969999775e-07 4.652674066480000115e-06 2.420740114230000156e-02
1.932702594930000032e-10 3.664413436670000117e-03 5.272796055080000155e-01 1.675426930860000086e-09 4.602717983829999748e-01 9.146338439770000316e-10 5.960951987499999782e-09 8.777107220469999166e-03 5.073856934970000090e-08 7.015969238860000009e-06
2.328540709690000108e-11 8.627396048469999944e-05 1.644740520920000101e-06 8.127952749649999914e-10 5.276772535729999701e-10 2.905300608319999991e-14 1.821634314499999962e-10 4.728814140569999579e-10 1.867076733780000108e-01 8.132044059020000493e-01
5.725101191239999727e-19 2.256583520350000007e-06 4.140705293610000108e-11 1.620332551280000134e-20 9.999977433750000255e-01 9.685949251050000144e-27 7.183985103649999952e-17 1.379255875509999943e-17 8.895595365339999478e-21 4.364792048210000057e-16
