6.928753528730000022e-28 8.022476248909999885e-01 4.310785450329999819e-41 1.101851174840000065e-26 5.344310710839999485e-29 1.977523751090000115e-01 4.539860394679999944e-25 5.852065439029999972e-29 3.114287453939999893e-34 3.184880378190000191e-39
3.273477372970000117e-20 7.150990670549999901e-19 3.338490750990000164e-12 3.206137161720000075e-19 9.999999999969999553e-01 5.954496728469999709e-18 1.819520216770000019e-20 8.807751087020000464e-23 1.194647468779999987e-19 3.674178088019999924e-19
1.528884137820000144e-05 3.307375927680000201e-10 1.246950259279999956e-03 1.473416706520000021e-07 7.087030503089999347e-08 1.259440609820000095e-09 1.890735211490000012e-01 8.096637595369999829e-01 2.455210268639999771e-07 1.489064548879999961e-08
7.935333595839999874e-35 6.419510400279999663e-21 4.271019043279999834e-27 9.999999978460000216e-01 5.003969128319999914e-21 1.630928487640000046e-20 1.172278439890000035e-27 1.563565688550000012e-21 3.461376334809999825e-21 2.154173440539999879e-09
2.058255179410000005e-15 4.220130122530000166e-15 2.078741357830000084e-09 1.878757758019999883e-19 9.999999979210000278e-01 1.770614635079999932e-13 2.208349515699999999e-18 4.314025298000000269e-20 3.505465124849999907e-16 1.271638914610000115e-13
1.730130606709999929e-17 1.520215377649999952e-16 2.131646973720000043e-14 1.272038798379999904e-13 4.611325294709999770e-18 2.250915787100000061e-17 2.994846065280000084e-14 7.379798647279999835e-17 9.999863355839999635e-01 1.366441560119999987e-05
7.047284555419999763e-02 9.457559750000000088e-10 5.653659661969999695e-01 3.232627585929999838e-11 8.945616190090000306e-10 3.220160155999999882e-09 1.960969598020000093e-02 1.033697628220000035e-04 3.136255832910000234e-07 3.444478037870000176e-01
1.460258358519999991e-19 1.275970238610000052e-22 1.363175181330000036e-14 3.266742950680000125e-18 3.684350033309999898e-20 1.438131216910000064e-21 9.674231994499999307e-16 2.873020530630000072e-21 9.987119738699999916e-01 1.288026130390000070e-03
2.351079037480000079e-07 2.633001232549999935e-06 1.598882202859999966e-09 4.317553055259999811e-08 2.369815723440000019e-12 1.128284225620000075e-06 1.151175796669999946e-01 8.848783791619999617e-01 6.665469371889999527e-13 1.355621008760000010e-13
9.999999880180000522e-01 1.605179046259999953e-15 1.166944747369999973e-08 1.275472841569999901e-22 1.770384214060000027e-14 1.216664261179999949e-14 3.089539788469999754e-10 3.290553290290000062e-12 4.842600327060000226e-18 4.806734493369999929e-21
