2.344438620000000029e-04 2.996543336750000122e-04 4.045878237020000268e-01 1.639913042330000126e-01 5.427607763330000293e-05 3.519416395680000087e-01 8.125705055430000210e-04 7.586309939459999485e-02 1.447783139120000073e-06 2.213740541009999886e-03
1.225475698150000063e-18 2.295837114459999927e-10 1.502709276019999897e-23 1.171531922490000068e-20 2.309154225590000133e-03 9.976908455440000045e-01 6.203420681470000367e-20 9.208405631760000239e-18 1.218086003270000097e-16 5.930281483410000111e-13
2.572677583440000082e-01 6.809892414649999504e-01 1.823836497240000076e-02 3.380875261790000225e-10 7.666601780059999769e-05 1.893914465620000000e-06 4.331174192159999853e-02 3.134450028449999682e-08 1.142986225790000002e-04 3.058812906470000164e-09
1.412007435940000036e-04 1.008399495580000055e-02 3.185369619149999836e-06 1.137302601260000015e-05 9.886793492709999853e-01 9.273292278939999607e-04 1.134980279869999957e-04 7.629448104520000005e-10 4.004360908810000041e-05 2.500586373030000000e-08
3.129896649160000036e-09 3.365364763809999750e-11 3.881234574989999882e-06 2.092055427760000086e-01 6.614306834529999385e-05 4.368573068259999914e-01 1.146683152939999969e-07 2.938937214459999905e-02 7.422124200420000597e-11 3.244776360439999841e-01
3.566642417519999744e-10 5.038917234939999719e-12 9.999992979930000248e-01 1.088146715410000056e-17 1.061994408859999994e-16 3.298170188899999708e-20 7.016376663269999598e-07 5.273050375950000220e-13 7.032027650340000043e-12 1.946833126429999942e-17
1.246807335949999971e-21 1.609746897690000051e-16 1.142762643030000024e-30 8.075770539989999686e-26 1.519347755420000015e-33 2.562354582249999885e-19 1.566308914179999861e-33 9.999999416920000161e-01 1.900534973889999990e-17 5.830755628490000080e-08
1.480141046770000105e-13 1.595572836190000071e-05 3.333443942290000152e-29 1.441512358769999928e-30 6.118967797809999941e-23 1.908331150990000102e-26 2.029096610920000112e-18 6.809155164539999699e-16 9.999840442570000487e-01 1.406013002669999934e-11
5.281094065099999763e-02 3.936004008450000276e-08 9.917850232460000341e-08 1.682195189619999967e-10 2.840234653979999966e-14 5.198070394719999742e-15 9.471889169230000016e-01 4.714956118130000032e-17 3.718237429880000186e-09 4.680321769729999610e-13
5.644973538010000178e-32 1.451988561089999914e-40 6.572148408559999853e-37 1.000000000000000000e+00 1.667299352469999924e-38 4.245405126410000124e-38 3.979078379349999806e-26 2.715376838099999939e-33 4.385612392219999992e-41 1.100384032250000086e-24
