7.816831188809999679e-11 7.939999690570000592e-09 3.871404598530000222e-05 1.934748002999999859e-15 1.317099897139999999e-04 1.509117101889999868e-01 8.489178577539999715e-01 3.704624939049999793e-13 1.590265603919999969e-12 4.503663087999999865e-13
4.704801569299999757e-26 1.000000000000000000e+00 1.932628627880000050e-29 6.388775239800000374e-18 6.801021858650000635e-27 4.629843827019999555e-28 3.471586109070000239e-27 1.699598571670000006e-30 8.796577802740000505e-24 2.721364024190000138e-36
9.999280970060000495e-01 8.145496641509999610e-18 2.939223354019999843e-14 1.941351610549999885e-13 1.507504969339999865e-29 9.724116680170000129e-23 3.328925188029999969e-10 5.844829633890000252e-19 2.897466981439999918e-06 6.900519343310000306e-05
5.634927229940000283e-12 2.497797225399999878e-20 2.365724466489999785e-13 5.024693786380000028e-17 8.356054048520000247e-13 2.855870160630000067e-15 7.371083037170000564e-20 9.999917142699999983e-01 7.365274904749999627e-13 8.285722238540000148e-06
2.194112812819999986e-12 5.036626940600000227e-15 9.996745968069999932e-01 2.551285768890000142e-18 1.054494280809999984e-11 3.254031428710000120e-04 3.740631647779999716e-11 4.003841018690000037e-13 1.138919906090000020e-17 1.667240415239999979e-14
1.422772651380000001e-24 1.573395972960000078e-18 1.544208121770000006e-17 4.540216641719999959e-17 9.847757523750000352e-01 3.549474266370000071e-14 5.362158255650000264e-20 1.522424762540000066e-02 1.043247973460000070e-21 6.051113265179999947e-15
6.620531975130000293e-16 2.276138214150000080e-11 2.306514245429999934e-24 9.999999999769999537e-01 1.698476833319999914e-17 1.648450106280000020e-31 8.387712809869999825e-22 4.980675685849999899e-24 1.259809563250000070e-20 2.146198047229999894e-13
5.810663123230000188e-04 7.548448766370000265e-11 1.647461730749999935e-12 6.435585942690000283e-02 1.513128375939999967e-08 1.473814758450000055e-15 9.581788870040000749e-12 1.514471668660000072e-03 2.482253507669999768e-13 9.335485873740000384e-01
1.993885764509999903e-16 1.607618391979999975e-18 4.182025644989999846e-19 1.991158994739999978e-26 9.578280248090000075e-29 5.070101729179999839e-26 6.171250951810000289e-24 2.259835832100000110e-20 1.000000000000000000e+00 8.626701751759999647e-23
3.130344658420000248e-08 5.550644186790000342e-09 1.633980071619999851e-08 3.140503974130000142e-15 7.820112106449999601e-10 2.670528568720000051e-02 9.732946603280000497e-01 3.941124942259999824e-13 2.334157026389999998e-12 6.549323910910000175e-12
