5.919936553220000388e-15 3.384314938260000170e-18 8.841714392269999964e-14 3.131171927140000029e-12 1.264389000770000104e-01 9.730657580759999517e-14 5.151394560319999961e-13 8.735610998039999853e-01 9.135388031620000339e-11 2.388436870469999904e-11
3.859395458169999996e-11 2.111661817769999901e-11 2.868226438319999925e-15 1.625553819800000114e-14 6.245648473830000465e-16 9.999999999380000393e-01 2.470850754180000160e-15 2.265322056000000069e-12 5.501072868159999615e-19 6.124000846229999774e-15
1.769351906400000072e-19 4.214951933509999950e-16 1.857098263460000048e-16 1.909317068189999887e-16 9.969212175789999852e-01 2.262573867139999911e-18 3.889694803409999990e-16 3.078782421049999947e-03 6.390210280360000445e-22 2.049440854470000125e-15
1.971304323759999879e-24 5.353929608429999752e-21 1.484418276309999984e-27 2.132976934009999936e-01 1.260086010799999877e-16 5.481642298260000092e-24 9.144936382820000019e-28 2.563402581249999936e-24 2.907785320919999988e-13 7.867023065989999786e-01
1.699662031189999951e-15 1.532986358490000076e-16 1.588193698859999978e-21 1.439706128159999871e-14 1.378468183659999940e-19 1.000000000000000000e+00 8.458160564700000075e-24 4.296505200740000115e-14 5.628361398609999664e-19 3.461016476800000060e-16
6.792774830849999863e-22 4.519690199540000268e-29 3.970017473170000055e-12 4.162332817529999885e-14 8.686905888790000004e-22 6.324374736660000586e-17 3.394493894559999767e-17 1.520673894230000050e-18 9.999999999959999775e-01 2.310025603239999917e-14
1.211079509389999932e-14 1.000000000000000000e+00 1.341758508390000089e-23 8.547144149799999803e-22 3.686381900910000275e-27 2.183514775959999960e-32 2.734948345989999877e-17 1.042140033250000034e-38 2.055092082599999908e-38 1.449979661629999862e-20
2.032400494949999914e-01 1.820508914149999991e-01 5.559223368459999953e-02 3.729237300569999969e-02 2.780066643350000033e-06 8.270455187059999547e-08 1.397990035460000002e-01 7.051581706410000248e-06 3.473550639690000108e-01 3.466047053159999891e-02
1.661505335880000107e-04 9.828350779110000330e-15 7.363835420349999598e-03 3.470004813600000309e-21 7.736910218360000432e-20 1.182898772459999970e-20 9.924700140459999931e-01 1.262987871709999927e-14 2.675976398950000109e-15 1.603944425780000075e-21
3.546761235209999752e-01 4.097785158399999661e-05 1.574204304859999903e-01 6.876752996350000017e-08 5.601232227369999823e-03 3.487045147749999741e-01 6.342910195610000634e-02 7.008141333570000464e-02 4.613003900630000117e-05 7.041202727060000345e-09
