1.609790778979999957e-13 2.107571205799999945e-16 2.203309664280000147e-14 9.999993741210000398e-01 1.983046038499999883e-07 1.519899895570000018e-11 7.163466725470000548e-14 5.771101552240000109e-08 3.665922755740000257e-07 3.255916329189999981e-09
3.512157559919999728e-02 7.442706249210000668e-05 7.120920948220000116e-03 6.261781050139999527e-01 2.383449071129999801e-06 3.257774835609999774e-08 6.396106862979999501e-07 5.070048725389999580e-07 1.865442042950000075e-07 3.315012221900000000e-01
1.754093902730000071e-07 9.999704092800000277e-01 5.783434059099999752e-12 1.736274813519999861e-23 3.993137551619999996e-13 1.431573803610000103e-20 2.941527854189999983e-05 3.431832869969999886e-16 1.015514950220000078e-14 2.551134444049999865e-11
4.918290868329999894e-18 3.223116276010000022e-11 1.330339178100000000e-16 1.327450893640000103e-10 9.999999897169999930e-01 4.858685181719999955e-23 8.102131982389999930e-18 1.011827446769999981e-08 1.143894666759999950e-19 1.112007862100000065e-24
7.876696283499999985e-05 2.002619028829999898e-07 1.944897019050000113e-05 8.016305115559999583e-01 7.282045840010000031e-07 1.393518526649999978e-01 2.378295524980000034e-05 8.023912914290000309e-08 1.762107474120000114e-02 4.127355344389999764e-02
1.746170213230000102e-24 1.068250249989999964e-21 5.846586642329999587e-26 4.838376261390000045e-21 5.073714864780000320e-24 1.850760186320000103e-16 3.240849995609999921e-19 8.634684228560000389e-26 1.000000000000000000e+00 2.245824423040000046e-18
4.785920236099999725e-01 5.287888204539999685e-09 5.208424490780000360e-01 1.410427176309999902e-12 1.717262182800000079e-15 2.869576520420000171e-14 9.172973257199999479e-09 1.177631886920000112e-10 2.778902616209999699e-17 5.655127317930000062e-04
9.642296765019999771e-01 1.493316034539999909e-06 2.461459245109999874e-02 3.062985977770000005e-16 6.288048121550000432e-17 6.392804114179999909e-16 4.586299290630000379e-03 9.241887910230000486e-14 1.169050145640000095e-13 6.567938439719999723e-03
4.690691739399999813e-23 7.461637253669999616e-22 1.173762598879999970e-21 6.246739779189999466e-26 7.705638438849999756e-16 1.406086420949999954e-18 1.808990427650000119e-19 1.000000000000000000e+00 1.062215378019999919e-27 3.333515365469999735e-27
6.344819467330000071e-31 5.268364531240000248e-31 3.659950590880000160e-25 5.916433247850000166e-33 7.909605239859999596e-36 1.000000000000000000e+00 5.975737113660000132e-22 3.443294941920000071e-21 1.701302777470000130e-21 1.291462258610000041e-25
