2.620608698500000055e-08 1.445405174740000156e-14 2.461176657940000057e-08 9.999872563549999649e-01 3.920049616619999692e-09 6.851991758650000098e-12 3.727631422660000158e-10 4.018786810110000098e-11 1.268848382899999941e-05 3.645503175630000204e-12
2.186280329030000017e-17 2.821352828259999881e-12 3.334728242010000115e-18 1.540445293350000080e-07 1.094150020860000063e-14 4.371583057860000142e-05 1.367210998419999911e-16 8.327371886690000303e-15 8.127600716840000157e-16 9.999561301220000198e-01
1.527094049650000086e-13 1.013461267560000044e-15 9.999993668929999524e-01 5.816056658260000365e-07 7.256357026490000165e-11 1.931052375190000008e-12 4.895412376459999761e-08 1.140820911660000048e-11 4.440980972319999926e-12 2.457025260399999855e-09
7.259645276740000236e-13 2.451842654770000022e-03 1.521592962410000042e-15 5.525220911559999763e-10 3.061489918840000213e-01 4.953084706579999853e-13 5.862762996530000016e-12 6.913991648909999510e-01 3.576425557609999779e-16 1.052697282979999938e-11
3.626286291639999931e-07 5.887084711660000025e-01 3.379154543269999871e-09 1.181620151969999991e-11 3.594898932930000088e-04 2.955112537659999872e-15 4.091127736040000018e-01 1.818834354049999897e-03 6.309256352910000158e-08 1.869884064829999880e-09
3.116692961050000292e-17 1.892391214509999978e-19 9.999999999969999553e-01 5.961005248200000002e-21 2.077144631429999974e-19 7.320900119770000383e-16 3.354655650479999903e-12 3.966882525600000204e-18 6.279917931339999452e-20 4.962444675670000469e-19
9.935181450819999815e-01 2.010593491500000087e-13 2.090699976870000137e-15 8.454661404460000059e-18 7.181736154629999602e-19 1.590807275459999986e-15 6.481449032379999961e-03 5.870175131100000014e-19 4.058856595970000108e-07 7.000049739509999709e-15
2.277670842059999930e-14 1.615810180380000143e-14 1.534316113369999866e-14 4.377313594599999882e-12 1.665960486469999960e-18 8.554456594049999474e-01 9.920251929419999889e-18 2.453547432109999949e-18 2.485438557779999872e-18 1.445543405899999967e-01
2.125398926589999865e-12 1.652207595879999957e-04 2.424860419999999967e-14 2.164589642130000083e-07 4.272663489499999856e-01 2.588162809810000209e-16 3.033764372979999792e-11 5.725682137790000237e-01 1.824352523560000015e-13 1.978874937659999966e-11
3.398702374089999793e-25 4.286702455950000145e-23 1.036804046440000081e-34 1.738280117000000008e-27 3.211091502059999986e-32 7.741954120020000440e-38 1.305555062210000039e-24 2.701010480320000182e-32 1.000000000000000000e+00 1.076107754130000075e-25
