2.253627335760000127e-10 1.674129063930000012e-10 2.430970561450000163e-06 2.505018467109999939e-11 5.152388549989999911e-11 7.388608354829999952e-16 9.999961113830000414e-01 8.738134259800000574e-12 1.457167107070000079e-06 9.377956909020000265e-13
2.819642449359999969e-09 1.178223165690000057e-18 5.900186490999999995e-18 8.193943209690000735e-15 4.119716829139999861e-19 2.029471092350000068e-17 1.356693860249999939e-14 8.242501752359999567e-20 1.582520360329999971e-23 9.999999971799999887e-01
5.680672057390000057e-23 1.144857697409999986e-01 6.725232025040000611e-24 1.474737086019999882e-19 4.548389655969999890e-01 3.633903195089999720e-17 2.115518995370000053e-29 4.306752646620000124e-01 5.029794658150000413e-25 7.725611423620000261e-26
3.389361088259999877e-18 1.015272686709999997e-14 1.000000000000000000e+00 1.221096538630000040e-18 3.308434717680000092e-14 1.934539035679999926e-15 5.982590667480000019e-14 2.374006705000000095e-16 3.244323553950000084e-17 1.922732604299999898e-16
5.618813568960000131e-14 1.372196101560000054e-15 9.999997411619999665e-01 6.767212566230000356e-18 7.168347730429999629e-16 2.832859764249999891e-14 2.588293506310000199e-07 3.755714487089999820e-19 1.102918093190000008e-13 8.432317669469999965e-12
9.999999999709999754e-01 4.639009216510000234e-16 2.383587807229999919e-20 1.983475102219999895e-20 3.575192698610000039e-18 2.121441395469999994e-20 1.214265762659999886e-13 6.644195303989999715e-17 9.197511509999999981e-20 2.852168947459999912e-11
1.412989944379999941e-30 6.585625372000000285e-10 1.024087260970000036e-21 8.072441963110000540e-24 5.131734929499999858e-11 9.999999992889999634e-01 2.450707104179999966e-34 7.088962887640000488e-13 3.481234763400000221e-26 3.950148504490000106e-19
4.170940979589999828e-14 1.379497176519999974e-09 1.364230139659999985e-11 9.999985098229999814e-01 4.309194172209999795e-10 1.912064178840000084e-08 1.600276111579999969e-12 3.955589552459999912e-08 7.801843930080000615e-11 1.429596602870000032e-06
1.348316669630000020e-01 2.498439892230000167e-02 3.078934088999999748e-05 6.632492015750000025e-01 3.126389413299999944e-03 4.767255922689999879e-06 6.607165389909999925e-05 6.439992767940000418e-02 3.461434011990000004e-02 7.469244707699999875e-02
5.358876332949999719e-24 7.041699381879999692e-28 8.285075341670000246e-28 2.395781673410000120e-18 9.812679922530000244e-30 4.339676052569999749e-29 2.741611541149999917e-20 3.886660052649999963e-30 1.000000000000000000e+00 7.395157852429999405e-30
