1.135909121169999897e-28 5.269360027030000268e-34 2.086478639499999828e-31 4.017569646460000154e-33 1.075999898199999934e-39 1.000000000000000000e+00 6.631950544029999536e-39 8.093082771109999939e-25 2.994718795759999782e-29 1.201009927039999988e-29
9.034823794130000054e-09 2.244139980280000085e-15 1.946847043379999927e-03 2.494363655579999921e-08 5.172301026450000428e-13 2.289945255690000040e-14 5.997274068260000091e-01 3.983257112420000023e-01 9.084629361900000502e-10 1.337481916900000027e-12
2.123483404229999958e-06 3.667200793990000178e-07 8.732823183840000437e-07 3.278301301119999987e-03 9.967046378170000276e-01 2.319911707730000127e-13 2.523913654709999897e-08 5.499731934380000211e-06 4.488394109380000158e-07 7.723585004930000108e-06
4.068562280999999947e-01 1.594053552950000160e-02 5.171848945099999937e-04 4.254996666180000008e-07 2.176850467559999886e-08 2.628990123480000052e-01 2.071652206830000106e-05 6.697879395190000089e-05 2.648373325740000172e-09 3.136988938959999751e-01
1.681145659190000048e-22 2.606620735309999924e-13 1.160464945860000033e-22 3.483662444169999934e-20 2.969669718680000116e-21 7.005511578640000010e-12 6.578369363599999614e-20 2.764181488589999864e-06 9.999972358109999737e-01 1.527033762319999929e-26
1.358696154219999903e-23 1.000000000000000000e+00 2.771957529630000183e-24 8.318742918490000430e-30 3.057644335740000008e-22 4.955144815349999969e-22 6.156655519489999802e-22 2.272188647439999806e-19 9.636037305179999736e-14 7.195570200459999441e-20
4.649822098770000032e-11 6.738776424599999719e-09 3.088310882240000166e-01 7.667024830700000217e-10 2.077672784810000098e-10 3.142309881609999866e-14 6.911408002040000387e-01 2.742115611470000156e-05 6.826535565419999951e-07 2.548716606149999931e-12
4.412398158210000186e-11 6.254099506200000179e-11 7.535644683709999958e-01 4.106036670759999852e-13 8.957652788850000359e-14 5.009031651969999954e-12 2.464354292810000124e-01 1.022261004049999997e-07 8.192297362690000147e-12 8.464391372769999859e-13
5.670527170920000018e-07 1.147549553690000040e-16 6.591182480480000457e-16 7.232713709920000067e-01 2.746056366829999762e-01 1.051415354990000007e-14 7.623918643709999594e-14 3.288632177060000166e-15 1.354221987119999917e-13 2.122425272300000089e-03
6.229329368920000221e-02 4.127501244939999824e-13 8.057740361309999766e-16 1.359141492510000104e-01 1.290142446389999978e-04 3.078690795250000291e-11 1.823408903319999988e-15 8.246612399469999440e-11 3.481911283030000294e-17 8.016635427020000204e-01
