1.560178375129999934e-41 3.042494563780000082e-23 2.381387760419999880e-29 8.637752824400000530e-37 2.426599852479999860e-39 1.000000000000000000e+00 8.814156798189999834e-32 8.988384699690000425e-38 1.203054516729999922e-30 2.150793221939999931e-42
1.044407565150000033e-11 3.875740776940000271e-02 1.588136093119999985e-17 9.612421022179999941e-01 2.210176929580000026e-07 2.111954684039999860e-14 6.738110338199999509e-17 2.672957482859999856e-07 1.688575620869999931e-09 5.196925375240000069e-14
2.237096982860000088e-04 4.455273819579999788e-21 3.996120047550000276e-01 1.418118403570000034e-14 1.814198431279999978e-20 5.781171178250000345e-17 6.001642855469999649e-01 1.870036591189999874e-20 1.739181672940000025e-16 9.495561610299999982e-16
2.504700539580000001e-05 6.041334447269999883e-04 1.214959445240000081e-02 1.132546473010000027e-01 3.275454259309999727e-02 2.618372461740000046e-01 4.066990640459999806e-01 1.726732610299999970e-01 1.684314834850000141e-08 2.447108922959999833e-06
2.841588094380000006e-10 6.148889290990000479e-08 8.400589048110000090e-11 5.071766055510000049e-15 2.696437139469999829e-12 2.176701599700000131e-06 7.070804685969999808e-13 2.070098112530000196e-12 9.999977611660000321e-01 2.698361801959999944e-10
2.093234111389999930e-01 2.291743568540000106e-07 1.108377488700000024e-01 4.840711948859999981e-06 7.608684089330000613e-11 1.579829327189999910e-01 1.881492716510000107e-01 1.457517222300000117e-10 2.384963370489999810e-07 3.337013270170000045e-01
9.313473823709999851e-20 8.577230468910000100e-30 7.779653277279999526e-26 8.324796267900000283e-26 1.379336046240000080e-24 6.075611121749999997e-34 1.256534183060000021e-30 8.372508518160000304e-24 1.002706811569999960e-25 1.000000000000000000e+00
3.446280384150000135e-09 2.971856990580000244e-14 9.827039652429999287e-10 1.256939875950000043e-13 2.323904793829999849e-08 1.555520490390000091e-18 1.079594478419999978e-11 7.706884657080000575e-09 9.996033138050000044e-01 3.966508095490000121e-04
8.048900163850000044e-31 4.914606639339999749e-22 5.588183781380000554e-26 2.948241222600000245e-13 6.188173023830000341e-01 4.640334442000000163e-33 1.485812893370000128e-23 3.811826976170000214e-01 2.495753161500000096e-29 3.254153091099999979e-28
9.055690923729999855e-05 9.999089945089999487e-01 2.464692450540000152e-14 1.322286814239999904e-07 3.426608764040000042e-12 1.024030426189999980e-13 8.699487118010000162e-16 9.323037162850000598e-13 3.163486544789999754e-07 2.083921626910000133e-14
