1.652648378739999921e-17 4.502315278499999748e-20 1.527122977359999866e-17 1.349479493000000112e-25 2.828262825640000204e-17 9.999999995510000517e-01 2.700816129050000034e-22 4.485083969040000122e-10 7.746170740990000205e-18 2.250376889529999954e-29
2.703928932339999883e-02 3.105799441380000118e-06 2.014822046040000109e-10 9.728344694510000501e-01 4.723351804320000192e-06 2.160884706329999902e-08 1.053174078480000042e-07 1.016510762299999935e-04 7.888555796209999698e-07 1.584501489330000090e-05
3.086477899200000222e-26 3.636887168559999722e-30 8.410027458030000117e-16 6.188278039950000253e-10 3.945328880460000208e-25 6.892226997980000291e-16 1.180771538069999976e-19 1.003021889579999929e-21 9.999999993770000151e-01 4.457353387700000117e-12
1.195756951840000049e-22 1.196994966459999930e-18 6.647400617840000248e-01 8.828133080220000471e-26 2.321781515769999890e-21 1.986146531320000119e-20 3.352599382159999752e-01 4.496462878589999828e-24 1.007739819310000046e-15 1.305480031680000052e-14
1.000000000000000000e+00 3.466961549080000097e-31 1.465146911889999967e-30 9.756853053629999687e-27 1.120430964079999991e-29 3.849457986740000052e-34 8.249533300720000752e-28 2.906238700960000153e-36 5.123711986599999786e-33 7.125552268530000049e-41
2.091374044809999965e-29 1.000000000000000000e+00 2.269685528329999994e-27 4.950384994009999976e-33 3.893124037979999810e-33 3.405227582470000173e-34 6.637569374579999714e-24 8.885757984169999851e-23 1.525831612429999940e-40 1.175646741499999964e-30
2.260120970400000161e-15 4.804889044040000185e-18 7.934831252309999544e-11 4.773696599990000407e-03 1.069363058919999966e-14 7.250585251119999582e-21 7.017950715230000017e-08 3.226165317030000224e-17 2.356428066099999865e-12 9.952262331390000494e-01
1.768199934999999898e-05 1.745361297770000042e-01 1.946301578930000054e-02 7.770844893559999923e-04 3.421682967639999920e-04 3.911273925329999956e-01 3.748193769859999719e-02 9.789412459059999849e-02 1.617671159740000086e-03 2.767427936660000198e-01
3.313205483839999986e-08 8.086699334059999590e-11 1.015119377179999971e-07 9.581070869820000613e-02 1.569086338560000127e-01 3.398416486449999771e-04 4.736780813050000222e-06 7.340998738059999473e-01 1.387045260539999892e-03 1.144902522440000014e-02
5.627097271349999880e-12 8.650804948089999693e-17 1.230653835149999956e-17 1.618427673019999928e-15 9.356406856369999803e-01 1.746515595879999968e-12 1.432526498810000073e-12 6.435931435449999960e-02 3.315878192820000134e-20 7.825213334360000052e-17
