4.000801821409999710e-11 4.078237477919999941e-07 1.223494434689999991e-10 2.372582284969999953e-10 2.694948946539999865e-08 9.662190034780000158e-11 3.614392981750000157e-06 2.021717026910000056e-10 9.999959491719999649e-01 9.632244346069999939e-10
5.029809475809999691e-15 2.863815305660000099e-16 1.068335405279999938e-13 5.160349578230000052e-15 5.804940452829999869e-11 3.331263883790000207e-22 3.624865134789999863e-16 9.999999999419999508e-01 3.311451953409999877e-23 1.185410124170000059e-19
2.873459404539999958e-10 4.123538381260000163e-01 6.846957536299999564e-11 2.351519828999999871e-14 5.876449101880000248e-01 3.204859198579999965e-13 1.250165367119999958e-06 1.165016849759999960e-09 8.429902748719999297e-15 6.036796004320000054e-17
4.383666368330000078e-18 4.684526983690000354e-12 1.220262691480000030e-15 1.805133983380000121e-20 5.733965372919999813e-15 2.219501601799999979e-20 1.190199374940000037e-07 8.639995956969999625e-17 9.999998809750000328e-01 1.374214996360000003e-17
2.482651185319999965e-06 1.046041781589999983e-17 1.492066349899999913e-06 9.995974960439999446e-01 1.511253183389999918e-13 1.365249544999999963e-12 6.928808949069999825e-12 9.588051991409999371e-11 2.554966035300000173e-12 3.985291317530000087e-04
7.960436479079999404e-21 1.405171415019999879e-23 1.481193835719999974e-21 1.368584772980000116e-07 1.005897034370000017e-19 5.011087664459999995e-20 1.263086487039999918e-24 2.210081713680000046e-22 6.539547048239999524e-16 9.999998631419999562e-01
2.292749167710000091e-01 1.483625138420000013e-06 4.457550798990000257e-02 6.316577453889999916e-01 1.965803596719999994e-05 1.352191016439999952e-03 2.515439924159999785e-03 6.945218741430000427e-07 8.397067897259999673e-06 9.059396565820000691e-02
5.422789637399999529e-01 1.036495158020000098e-06 4.448168786669999819e-01 5.722776423499999748e-19 1.632692348249999950e-24 6.329255708490000463e-26 1.290312109700000008e-02 5.627912935589999973e-21 8.875925046309999579e-24 6.071935003380000202e-30
1.192478476159999934e-18 2.884182019889999912e-06 2.302056084080000035e-17 1.285463348110000032e-16 9.999916007910000237e-01 1.533046198159999911e-15 9.844509476779999705e-14 5.515026665450000002e-06 1.967255739149999978e-17 9.392418598980000029e-16
3.830678425220000048e-37 1.383579155440000126e-29 2.681934932999999845e-37 1.348029540030000032e-24 1.691571527129999928e-21 1.000000000000000000e+00 1.840342922300000107e-25 1.415783098349999995e-33 1.461884655379999996e-33 1.969092111379999911e-28
