9.660245760159999473e-02 1.732030328739999903e-01 4.602136027310000060e-19 7.301936595969999999e-01 5.253106047449999827e-15 2.798656876040000073e-16 1.590965339669999992e-21 3.863604292890000258e-17 1.031732084039999949e-11 8.499167621680000218e-07
2.544831870979999945e-27 6.942098704180000191e-28 7.258104500069999521e-01 4.181717250969999641e-40 2.979434538629999994e-19 1.511817749940000077e-23 2.741895499579999895e-01 3.501755606339999818e-11 3.135499865169999768e-33 1.490304359750000052e-16
1.261756403630000096e-06 1.252547064579999901e-07 8.462436763930000469e-09 3.256487987440000176e-03 3.294788943000000262e-05 1.582371342800000065e-06 4.688304174850000018e-09 1.923353095029999916e-04 9.965033680379999925e-01 1.187824271170000039e-05
1.165466248469999985e-03 2.775127386229999976e-04 1.911760311279999958e-01 3.614248986919999871e-12 4.359594701259999933e-12 5.466128593700000226e-07 2.422451360679999874e-02 9.703419170489999671e-09 6.419925285999999906e-10 7.831559193120000151e-01
2.329653573060000080e-02 8.665610685440000571e-02 2.733183078459999749e-01 4.230170446579999965e-01 1.283195598280000016e-02 1.824014355030000034e-02 1.097358321579999926e-03 1.443137872920000064e-01 1.329712130940000070e-02 3.931638455569999580e-03
2.911068921189999964e-02 9.707096074030000521e-01 1.180060660309999933e-18 1.076235871180000032e-09 3.396991407099999819e-21 2.759248172910000024e-18 5.125246791090000283e-22 4.008173093689999955e-29 5.426093450709999809e-22 1.797023091039999998e-04
5.301865546769999624e-22 3.734226498229999925e-23 1.062581380469999983e-23 1.052736086229999999e-32 1.577151818520000027e-22 9.999999999959999775e-01 3.071559309689999858e-19 8.694858506010000032e-16 3.875051437129999602e-12 1.827473394999999972e-29
9.155198200539999424e-14 4.371814702750000155e-14 8.130173494529999577e-17 1.017266750659999942e-22 1.559630865449999878e-17 9.999993480030000548e-01 1.896589624780000092e-15 1.003505651800000049e-11 6.519872046110000423e-07 5.276815883260000054e-18
4.242216739670000063e-18 5.215697188650000150e-18 7.832913405970000155e-20 8.163278414429999721e-20 9.923122732600000440e-01 3.915405406679999865e-19 1.527966246279999903e-19 7.687726739780000040e-03 6.765831624730000165e-16 5.180919879339999963e-14
1.555428526319999866e-29 2.431579588619999841e-31 7.340675910989999980e-29 1.271005383659999931e-27 9.999999967020000158e-01 6.167019886520000072e-28 1.321379961250000002e-26 3.297590257920000070e-09 4.654655436379999704e-25 1.505943220399999936e-22
