4.697814679379999875e-06 9.892269284889999570e-01 1.080515358279999988e-07 2.263129584709999920e-08 7.099404688050000159e-08 2.411387912759999986e-06 2.048194408290000042e-03 3.863209568610000124e-08 4.715018853520000110e-11 8.717527543850000712e-03
4.147893977000000315e-27 2.202419771840000076e-21 3.062294182739999837e-28 5.147850624009999885e-25 1.630444035430000067e-25 8.698426739349999253e-28 2.146436095759999936e-14 6.977475912860000151e-29 1.000000000000000000e+00 6.149673000160000222e-37
1.414569823669999978e-06 2.836991893520000169e-02 8.947869313530000461e-07 5.204279849499999612e-09 5.397223941149999712e-11 1.586521856909999951e-06 5.604337963860000233e-08 8.271242659749999682e-10 9.716261225400000257e-01 5.172476990040000326e-10
1.310558943620000043e-26 1.836121635669999926e-16 9.999999999959999775e-01 2.614878672879999908e-25 1.055746295389999969e-12 2.723238584250000029e-27 5.233215312090000171e-31 3.264207650610000202e-12 3.705351911109999963e-29 2.020845621600000192e-18
6.392871745909999526e-11 2.610245963190000166e-10 1.333159085849999975e-09 7.721124722150000119e-01 5.094915885159999986e-11 1.396919935879999924e-11 3.880695019130000079e-03 6.526052332860000210e-13 1.340687571609999935e-06 2.240054903550000032e-01
3.967572124800000149e-13 1.442039097829999960e-10 5.891851390589999668e-09 2.459894818800000232e-10 8.240011731989999288e-09 5.561117133880000155e-13 6.298031392549999774e-01 4.493837586719999929e-10 1.878151785480000106e-13 3.701968457729999940e-01
2.789497530299999975e-15 3.280464120539999883e-19 9.922060721919999539e-11 9.999999634009999472e-01 2.105075714140000020e-13 9.625988501700000304e-15 9.152674845309999457e-17 7.726962858280000728e-15 2.321211987700000093e-13 3.649973365700000061e-08
4.174142981229999951e-26 9.569203619470000173e-18 1.709482574829999979e-11 4.187229712899999649e-24 2.973393332759999841e-01 5.327876775790000013e-25 3.930434658739999899e-23 7.026606667070000034e-01 2.149215864679999877e-20 7.399187199909999879e-19
4.454188184799999783e-01 5.550855625000000259e-11 1.498474600190000080e-11 6.480610123390000234e-13 7.602635017089999727e-12 5.545811814269999696e-01 1.149115267819999974e-20 1.404938049760000042e-11 2.242766712649999910e-13 7.394598438080000297e-16
5.542530768919999851e-01 1.368880439410000009e-19 3.863146718069999669e-27 2.441821124310000035e-18 4.968027698010000185e-30 4.457469231080000149e-01 2.226271543879999858e-34 1.005104843529999945e-30 5.385254359680000009e-26 1.135352832639999980e-24
