4.095336743319999956e-19 5.466754438399999744e-22 9.999999998790000122e-01 6.950012883760000111e-23 2.499827595660000105e-21 6.655280515369999922e-17 4.733781345219999736e-19 1.209154657279999966e-10 4.046878680349999948e-17 7.746667011919999741e-15
2.993059597670000017e-23 1.022165485220000044e-29 4.356046475089999969e-30 3.663963260189999791e-31 2.126888676559999865e-20 9.999999999759999758e-01 1.311870933669999938e-30 2.415417128009999841e-11 2.133839371679999814e-37 6.186451385229999869e-37
3.588410357029999948e-14 1.000000000000000000e+00 5.294224996569999653e-23 5.523055222440000325e-27 5.773406782329999943e-15 4.293865502830000252e-22 2.542580590449999770e-16 1.150601418290000051e-29 4.398136728810000026e-20 1.634639586119999952e-24
9.999895030359999826e-01 3.226460609170000157e-16 2.251736286030000020e-12 1.985989820150000112e-15 3.819587609789999899e-19 1.499964043320000129e-11 1.575682066379999958e-16 1.035344641890000076e-05 3.442367512450000184e-12 1.434973410220000105e-07
2.564777358880000110e-11 1.816950576520000049e-10 1.655990950060000041e-09 5.601037792580000341e-01 4.334766785260000255e-01 1.075467533149999985e-06 1.187617033129999988e-04 6.267634629670000394e-03 2.035596536910000119e-05 1.171258686369999966e-05
2.826099813930000058e-14 3.133031543750000218e-19 1.822540308089999863e-12 1.763946642540000149e-14 1.236186163029999924e-15 1.887341673609999935e-22 3.016023491240000243e-01 1.160419408809999990e-14 3.362873008820000292e-17 6.983976508739999645e-01
3.813089807169999790e-01 6.186815546389999865e-01 7.065999692710000192e-16 2.993162357910000117e-12 1.514075384650000056e-10 1.034219184100000053e-12 6.865786204909999590e-06 1.096292929219999952e-15 5.289173540980000471e-10 2.598172717370000072e-06
5.289830719099999914e-16 1.657909198840000021e-19 3.154628955139999988e-23 2.416366711929999836e-07 2.420411290680000155e-16 1.403293110829999924e-26 1.017791410200000106e-31 1.008275905649999973e-16 9.999997583630000353e-01 2.750557567769999988e-23
4.659945085160000250e-10 9.772957175230000408e-06 9.999309242949999676e-01 6.351218182859999998e-17 5.789731611570000258e-08 5.915195940159999756e-05 4.567017392579999873e-09 8.785683204720000097e-08 7.804479996340000471e-14 9.611479815069999726e-13
4.746128742600000284e-22 3.716742453790000253e-14 2.282915708040000040e-13 2.595357149559999964e-05 9.999716394759999849e-01 3.981335549949999882e-09 1.222664445910000009e-08 2.390484077630000205e-06 2.597741268630000037e-10 2.143036916910000001e-13
