4.298534259439999929e-07 8.032103721429999510e-01 3.359707305319999950e-10 9.935074158280000349e-13 1.265168842280000039e-01 4.315642748920000051e-06 1.142262242759999983e-09 3.079105038720000159e-02 1.170121341939999934e-02 2.777573284639999959e-02
1.584927004360000134e-20 2.587313935960000141e-24 6.726876940639999817e-16 1.000000000000000000e+00 3.902183433739999799e-21 3.863935503830000110e-18 1.301480291480000041e-18 2.055049274559999911e-18 3.608697487150000112e-14 1.467253526840000001e-15
2.963684420310000269e-11 5.031460634130000276e-27 1.521442894819999924e-24 1.887818365189999929e-22 6.747014475640000351e-06 9.997844469319999705e-01 3.727009628809999807e-18 2.088060239969999907e-04 1.368307631529999954e-21 1.465550711440000016e-19
4.455727645190000065e-16 1.143279613669999902e-13 6.943260796969999954e-13 1.377907118720000043e-18 9.501418577560000189e-01 7.163426034279999528e-19 3.270012008829999782e-10 2.470525661170000042e-04 4.961102573699999879e-02 6.361279613419999893e-08
4.956523703109999915e-03 2.962912489710000181e-09 1.745953538879999953e-14 1.995515040170000073e-09 1.537312464649999980e-12 9.950434705930000234e-01 5.704611783179999810e-14 7.119521041580000086e-10 2.711516339790000059e-14 3.189006507650000039e-11
3.776257591039999877e-09 9.999999962240000428e-01 2.112645457449999928e-16 7.491494551109999918e-20 3.981332158080000041e-26 8.357893475579999913e-21 4.195084979729999752e-21 1.129895133340000000e-26 2.028717239959999937e-19 7.011350971560000545e-17
1.820770644259999960e-01 8.360303721610000171e-18 5.018596250140000548e-01 6.473949779059999807e-17 5.466569961409999634e-19 1.539662751149999988e-18 3.160633105569999879e-01 4.454931737379999817e-14 4.906091819299999844e-17 2.333324902739999831e-12
2.098193833160000125e-04 3.520964741730000023e-22 4.726966033510000310e-03 1.285482869009999930e-21 1.164101284500000071e-18 7.208961475930000308e-19 9.950632145709999987e-01 2.410514986360000151e-14 1.054611382980000004e-17 1.243295642139999923e-11
9.147129300039999535e-12 4.356923945470000075e-10 2.558876384680000092e-17 1.035447582609999937e-10 7.430958711520000434e-07 3.354817400549999864e-16 1.752319323929999962e-14 7.590437782310000123e-07 2.437731050359999985e-01 7.562253922760000524e-01
8.466482059060000346e-21 1.526018972269999991e-20 1.135940643510000121e-16 1.000000000000000000e+00 9.321741432879999923e-23 3.232884792000000069e-18 4.711178743550000107e-20 9.258042344160000341e-20 3.616937534279999758e-16 1.907845757019999836e-15
