1.080240937990000090e-18 6.582749711679999987e-20 6.374404892329999912e-14 9.998462455929999493e-01 9.322728794729999919e-12 7.589152932440000108e-20 9.325850782730000410e-15 1.847831400050000012e-15 1.387868694130000014e-16 1.537543974299999938e-04
3.521803937430000196e-27 1.463894376059999893e-28 1.933903705210000039e-28 1.103758472749999935e-30 1.417495740969999969e-32 1.663556657939999945e-26 1.150968122379999962e-38 3.666793999629999843e-37 1.000000000000000000e+00 2.254422125400000163e-21
4.374027461320000040e-12 9.999009636840000548e-01 3.257807614909999867e-13 9.712492512730000647e-06 1.420240417669999986e-09 4.371163631859999740e-11 8.931986256539999579e-05 6.201075560239999760e-11 2.429733983679999978e-09 1.248590192069999957e-13
3.539925637219999933e-10 7.241094614420000125e-16 7.948229691500000046e-12 1.876690560110000003e-02 1.489374272619999975e-10 3.050201160359999778e-13 1.602919450050000034e-13 4.579131403819999735e-12 3.388456797029999886e-13 9.812330938829999516e-01
2.292794706480000117e-14 7.344228573350000215e-20 9.999999997080000202e-01 1.649626892359999953e-18 2.157551188920000025e-15 7.255256884690000611e-21 2.912847211769999841e-10 2.163422548210000079e-13 8.213695600369999465e-17 1.051947542919999913e-15
1.398905390420000004e-31 9.352685788849999710e-21 5.153423438529999809e-22 1.674458418410000016e-20 6.222414638940000353e-01 8.380572808069999593e-21 2.789791654890000045e-24 3.777585361060000202e-01 1.494326826689999976e-20 2.729785853530000076e-19
1.221733637859999996e-06 5.228218137579999807e-14 3.324106067920000123e-19 3.857568419910000253e-20 5.762370428439999512e-14 9.999987776619999602e-01 6.060223172130000346e-20 6.042451573450000472e-10 5.189037537600000204e-16 1.708547199009999913e-15
4.575569910889999628e-25 9.999999996870000407e-01 1.398598796369999983e-21 1.510735058090000069e-13 3.286011189140000290e-17 3.126517660590000006e-10 1.049703898949999933e-17 5.396211597130000457e-16 4.130618072369999946e-18 3.074209596650000187e-23
5.251052521779999704e-01 1.440421209389999996e-14 4.904724620689999622e-12 1.144625734649999962e-18 1.207108416010000010e-16 4.748947433979999744e-01 1.206425245750000038e-11 5.423830606609999938e-15 4.308093226530000110e-12 4.402976040370000130e-09
1.959733964900000139e-05 3.160211571980000289e-17 2.581124399410000094e-07 3.134530989839999750e-17 1.470126038410000021e-23 4.004032789259999710e-18 9.999801445479999940e-01 1.077318237330000009e-21 1.843437287899999898e-22 2.839470435410000061e-19
