4.975592639479999718e-02 1.447293184209999886e-20 1.318763986789999961e-29 6.923135214340000485e-24 1.905361309210000077e-26 5.486873013899999798e-05 3.954758080350000237e-13 7.320756054689999755e-28 9.501892048750000264e-01 1.998595785619999974e-23
1.254649416400000026e-03 3.881588697179999774e-10 9.035462419230000375e-01 3.319059871680000053e-09 5.998379222090000049e-06 8.144072837480000049e-02 1.366146473880000024e-02 7.610723269810000090e-05 8.001112044750000452e-07 1.400611701440000001e-05
1.903283821559999951e-10 7.493450257799999557e-11 7.672594826200000043e-16 1.487121971689999989e-01 6.668569299749999582e-14 3.021763106579999895e-14 7.019808982689999845e-13 1.340068047399999930e-12 1.753638069799999900e-13 8.512878025629999623e-01
1.019279581020000046e-05 4.824919343350000018e-28 1.332844387759999984e-11 2.799918369210000010e-24 5.787414599259999537e-23 1.661707421070000079e-10 9.999898070249999549e-01 4.610377152639999726e-21 1.177145059489999956e-15 6.156789252579999655e-17
1.432740306499999915e-03 1.533653149799999935e-03 4.295433747200000053e-07 3.856376923799999935e-07 7.095432703619999544e-07 5.597882268070000214e-04 8.613831797410000335e-11 9.223020460630000465e-05 9.963795190780000421e-01 5.442240565039999905e-07
6.554269696420000001e-28 9.999999998049999839e-01 4.917955377380000280e-28 3.689876630489999771e-21 1.952735017869999909e-10 1.906172548659999980e-19 1.227790738289999937e-28 5.153471817239999980e-23 4.215679074120000239e-17 1.652841273570000090e-23
3.367417149620000100e-37 5.934125879930000003e-39 8.550652593390000541e-11 3.378111472379999677e-36 3.971495204940000060e-20 3.294613234120000217e-45 8.088709428809999347e-37 9.999999999140000151e-01 6.052882521210000198e-33 7.986576097260000536e-27
4.135704992660000240e-17 2.197202972530000049e-14 1.426218795780000010e-10 3.081196318300000042e-16 9.999999943740000008e-01 3.616856444599999979e-11 5.775975491429999726e-13 5.445912280249999715e-09 2.310729909689999986e-14 2.685235688009999874e-13
2.787829709119999874e-02 9.041286678380000552e-02 4.016723312119999806e-02 1.133321198160000022e-02 1.694298579909999936e-01 3.350015940139999815e-01 5.323175914310000062e-02 1.639570493190000040e-04 3.008882388739999875e-03 2.693723404350000239e-01
1.251292242190000005e-15 8.058490142849999927e-16 5.144904218319999682e-15 4.700883465260000116e-01 1.764531247640000176e-21 1.440183702570000004e-21 2.900680174790000032e-20 1.468106690979999892e-17 2.419729526429999852e-25 5.299116534740000439e-01
