1.209563147949999939e-29 9.861948738079999444e-02 4.367953981499999794e-36 1.121481652989999946e-17 8.341717374810000044e-35 1.576161344089999888e-33 5.362009302589999750e-34 1.395618836560000068e-27 9.013805126189999850e-01 3.793638577259999914e-29
8.040950770819999389e-24 6.947954092449999705e-16 1.707356419520000048e-19 3.334633650060000315e-02 9.901392795330000578e-20 9.132486463690000327e-26 8.833889070609999620e-14 5.143401390529999614e-16 1.902870929890000148e-18 9.666536634989999488e-01
2.960489873120000085e-20 5.537521713150000446e-07 5.071536247040000288e-11 8.929472889659999463e-04 3.895454709539999949e-01 1.505064614930000052e-13 8.400409597579999682e-14 6.095582524439999705e-01 2.774562178630000127e-06 9.475831655900001015e-10
2.552934325830000239e-01 3.261964489989999799e-02 2.345739367319999991e-01 3.421109637089999873e-04 9.329516782510000050e-02 3.646353970380000059e-03 2.557816081560000156e-04 1.387794415049999931e-02 3.660901903020000181e-01 5.436965422429999588e-06
9.761284991059999694e-01 3.845457711779999999e-03 8.830614660050000015e-10 6.491822132109999812e-09 6.735624790759999885e-09 1.195118777229999973e-06 1.607083648869999867e-02 2.092467645060000028e-09 3.953991879880000039e-03 3.491709371109999886e-09
6.119431742169999522e-01 2.878215938080000121e-04 2.618910912219999942e-01 2.707512214080000021e-02 4.172294327469999904e-03 9.255617175000000439e-04 1.053023247370000071e-03 3.108582271279999865e-02 1.095184344909999998e-03 6.047090447649999811e-02
2.171741958870000040e-13 1.095535497469999961e-17 8.376693525160000499e-11 1.603282273249999980e-17 4.068000702119999724e-12 9.999999662040000015e-01 3.370774514989999764e-08 1.588343036630000080e-13 1.128486657630000069e-15 1.739526782399999845e-14
7.800160121980000616e-36 7.047244813370000401e-40 1.000000000000000000e+00 2.254815172890000072e-35 2.142207150280000043e-27 4.550424482900000285e-30 5.349657547980000316e-37 2.686654667130000145e-24 3.415320548680000067e-39 3.265960971529999910e-31
6.040299551080000518e-29 8.438804863449999873e-21 2.094671565920000134e-17 1.431615202500000015e-14 9.563025042120000263e-01 9.645454477190000561e-21 1.008110059750000004e-17 4.369749578809999785e-02 1.656013479119999978e-20 3.249065018669999985e-18
3.328745589250000233e-11 2.206818652779999833e-24 2.370725548289999859e-24 1.767732033930000148e-21 5.406414960570000242e-15 1.373764550150000087e-07 9.999998625899999549e-01 1.784088179779999946e-21 8.618022515960000073e-25 2.486246029030000110e-15
