4.806324305989999909e-27 4.436928677470000322e-30 8.310035281860000458e-33 5.614791753650000299e-21 8.633032222830000460e-33 8.457302900980000218e-29 3.608569210789999850e-25 1.066904894029999952e-31 1.107028384319999940e-23 1.000000000000000000e+00
7.319627511479999531e-16 2.485918137840000010e-27 1.491956413829999907e-15 1.454551639769999977e-20 6.408066517510000385e-18 2.275858441539999874e-18 4.130601124760000268e-20 1.000000000000000000e+00 1.796541297779999832e-15 1.013471460690000059e-24
1.205866065709999987e-16 9.999811689680000448e-01 1.283935183790000070e-20 4.032219663629999932e-18 1.883101763600000065e-05 1.623501921940000010e-18 2.854345284100000216e-16 1.829869780249999929e-18 1.458354285780000087e-11 9.128783504360000278e-21
4.802052247270000018e-01 9.903157456210000009e-12 2.887810768929999772e-01 9.492746051870000510e-07 1.169628194589999963e-15 1.912890782150000154e-08 2.310048431879999919e-01 4.475796858079999998e-11 1.682745808640000047e-09 7.885052202680000745e-06
7.469634086179999633e-19 4.306701875570000268e-20 3.948699699779999783e-22 1.000000000000000000e+00 1.609716263739999945e-24 6.788562391210000484e-27 6.492925248840000008e-18 2.854368178579999846e-25 1.003485432010000037e-22 3.212397236020000011e-16
3.351885284290000121e-15 5.975548814060000208e-21 1.754557957940000047e-12 6.747593630040000371e-16 1.051552889169999930e-14 9.999999993239999663e-01 1.865868561719999923e-15 4.827155286470000133e-10 2.564340852949999891e-17 1.916041378740000108e-10
1.116939847120000070e-18 2.690064264740000165e-09 1.213790612449999941e-14 3.150043329529999825e-15 9.999084488970000351e-01 1.314984058919999992e-11 6.300258533579999649e-18 9.154839955109999455e-05 5.714626965709999552e-16 3.065948932209999963e-18
4.822220949569999892e-10 2.059447295989999870e-08 7.255239803850000284e-09 3.998211674780000090e-13 5.637497123979999824e-06 9.998208204859999615e-01 2.088472356170000005e-09 3.202845487319999840e-08 3.352027300580000043e-09 1.734762159600000090e-04
4.181301958690000209e-01 1.577113613570000125e-11 5.490052232950000111e-01 1.999532590740000023e-14 1.191015018210000092e-16 5.689387510489999935e-11 3.286457178339999979e-02 3.542742691239999805e-11 8.944257751999999464e-09 2.298375892270000208e-13
7.201570552339999808e-09 1.400683403069999909e-03 5.682746359789999717e-11 3.631274780590000021e-09 2.196256102710000019e-11 9.747688283300000755e-16 1.213655674389999950e-08 1.057613176049999956e-12 9.985992935480000332e-01 2.017774814949999993e-14
