6.253275028060000431e-14 2.696405860049999929e-12 5.640662089050000306e-16 2.306944864769999931e-12 1.442471446640000017e-14 9.999933880279999743e-01 1.376314644290000066e-16 6.611959472199999638e-06 3.484765391170000096e-20 7.397648183789999483e-12
5.778296119170000105e-14 2.968761749439999699e-14 3.127104596849999826e-14 9.994150053160000269e-01 5.849827816380000428e-04 1.067348305319999987e-13 3.990145378900000354e-12 4.813014766640000019e-12 1.146340440140000073e-18 1.189348044640000027e-08
4.637688648700000194e-01 6.415626679410000171e-15 1.720420473210000079e-01 3.349392861000000215e-14 1.854890324489999914e-17 1.031040132169999941e-14 3.588741523489999974e-01 4.339979502319999730e-11 2.145250123129999942e-12 5.314935413389999981e-03
7.778257018799999926e-08 1.504482251719999923e-10 2.601133110490000134e-08 8.837918432360000187e-01 1.157438582750000000e-01 9.477907670059999795e-07 6.364742996550000017e-07 3.126032608859999795e-04 1.354168091099999935e-04 1.459020944809999992e-05
3.363076100800000138e-15 9.999999999949999996e-01 2.119065680549999926e-17 4.263156903160000280e-15 1.630129775399999974e-17 4.018485235849999613e-15 4.976603496089999551e-19 3.565377047259999980e-12 8.393119427630000328e-20 1.315827645430000099e-12
3.540497635619999978e-13 1.080988346449999949e-10 2.777788622340000127e-14 1.873684132690000014e-06 9.999981261220000084e-01 1.084476119810000062e-14 1.155383868380000034e-13 4.537684163109999745e-12 1.053160680400000075e-18 8.118996217159999805e-11
1.325151538909999977e-13 9.069432029400000299e-18 1.836249512229999996e-13 2.370535537990000236e-16 1.320211820759999913e-16 7.878843761360000419e-01 2.191126975670000000e-15 2.121156230890000050e-01 7.744870813189999745e-10 9.799674715729999816e-14
1.790656155840000089e-17 1.777020366939999893e-24 1.608008225080000057e-16 6.756251615439999904e-22 1.956932295080000049e-25 7.552169554380000328e-23 2.189145268219999880e-18 2.369306455119999905e-10 9.999999997630000248e-01 9.287032313839999957e-24
3.000606398910000139e-01 8.018565369270000129e-14 5.645832246740000171e-01 2.072144611539999930e-13 2.602370499830000079e-12 2.691176483329999924e-16 9.580852090789999942e-02 3.635988949440000199e-11 6.183450343930000297e-18 3.954761448770000021e-02
2.476748436180000082e-16 9.999999999899999992e-01 5.273494297620000207e-17 5.957519810930000114e-21 6.183846794240000186e-22 1.045167603399999951e-19 8.244505777330000751e-18 1.396682306690000064e-16 3.496109840089999679e-21 1.049945931110000023e-11
