1.058436237299999961e-14 8.629499972109999890e-13 7.925532181530000344e-20 2.260114451310000093e-11 9.990654131420000361e-01 6.966812447229999785e-15 3.189082240090000091e-16 9.345868350129999877e-04 2.613741680160000161e-16 1.607860511570000121e-20
5.953389588640000392e-10 4.143534161820000006e-01 1.321747119370000065e-04 3.670551229050000083e-05 3.111421377740000307e-11 3.241907644000000037e-09 1.798261609720000140e-02 1.587724996520000088e-07 4.132589780629999932e-01 1.542359467920000060e-01
8.238983913139999703e-17 9.999999791070000033e-01 4.433507326340000029e-19 7.130296991820000475e-19 3.737272061530000058e-11 2.913467882969999757e-11 4.430171017079999978e-16 1.219289763699999974e-11 2.081440240829999928e-08 6.336064127639999787e-18
9.999999179320000486e-01 4.587821707480000165e-16 1.742727671619999923e-12 9.401637791229999681e-15 1.280544433359999976e-16 3.023286916070000015e-16 7.365001242799999601e-16 8.206577338889999621e-08 1.700741347480000139e-17 3.133020911400000037e-16
2.352323369860000011e-09 8.904251711609999843e-10 1.021136971840000054e-06 4.404769137749999786e-01 1.342253847460000028e-03 9.560796963510000335e-16 3.955029916799999675e-06 5.581758313119999926e-01 8.258656703950000505e-11 2.157369883590000098e-08
9.999999985109999656e-01 4.453681837619999943e-18 1.484042100179999902e-09 1.489158185600000125e-14 4.688910193129999841e-22 2.998372673390000178e-12 2.800303431790000008e-18 1.592399920959999924e-12 1.026080669530000072e-18 1.082504609540000058e-19
1.829256511370000015e-25 6.971371189019999611e-21 1.112725169989999986e-23 1.067318403449999958e-31 3.531962425890000134e-16 1.000000000000000000e+00 7.019714310349999415e-24 8.408988867940000155e-33 6.303864984950000299e-19 4.313030001170000038e-30
2.491529877660000046e-04 8.941970792169999863e-09 1.275886252690000021e-12 2.933102753670000078e-10 1.484598153849999965e-03 3.089838097170000007e-06 1.018454027600000072e-09 1.234628908459999919e-03 9.970263909630000532e-01 2.128894289480000013e-06
4.232992393200000019e-27 1.618615179530000046e-21 1.104049427479999978e-14 7.353530781850000300e-13 1.817097451479999892e-23 2.353940468229999922e-26 7.555293689700000037e-01 2.868799109079999848e-24 7.732872916850000242e-17 2.444706310299999963e-01
4.431141674520000284e-21 2.337022140830000049e-22 9.999993895359999829e-01 5.666495080180000031e-07 7.771503015669999525e-29 6.419856142889999619e-23 4.369518611579999998e-08 4.793149799679999840e-23 2.944287379529999814e-23 1.194773956010000029e-10
