1.420867814699999941e-07 1.506133437700000028e-10 3.848901275299999663e-18 1.190326062679999990e-14 9.021740441959999529e-16 4.630715760569999804e-19 3.330831549719999950e-11 5.845209167599999882e-15 5.744559558799999866e-16 9.999998577290000190e-01
9.910727161860000059e-25 7.139349874719999847e-17 1.433453603230000068e-21 3.056232866709999793e-19 4.620242238889999964e-01 6.551678582950000137e-17 1.671471029409999925e-22 5.379757761110000036e-01 5.684299876230000287e-18 4.467344761140000055e-21
3.107036399819999888e-21 4.342389671060000133e-14 3.571421205440000146e-18 3.710554727019999829e-18 8.513143238489999653e-01 2.213286699079999884e-13 1.202079574130000070e-20 1.486856761510000069e-01 2.828338325349999956e-19 2.661692725980000091e-20
5.179268151869999690e-16 1.662700437549999950e-03 1.185067748830000078e-14 1.462049827529999980e-16 1.658071107890000097e-19 5.275323379219999760e-21 4.084718503760000067e-14 6.168364336079999671e-19 9.983372995620000134e-01 1.320442314830000073e-15
1.110591027200000063e-08 3.239645836149999891e-31 2.396705389309999933e-04 1.127403099149999931e-20 1.090677124839999998e-19 2.192553378860000049e-20 9.997603183550000105e-01 5.514728955910000194e-22 3.595566152279999982e-21 1.578553815339999942e-22
5.378372900429999603e-01 1.026815306590000007e-09 6.345321022019999502e-14 9.938577875799999400e-14 2.707154820139999861e-12 2.831845804619999908e-12 1.997892367779999940e-06 8.750319617050000206e-14 3.129652551660000186e-13 4.621607110320000156e-01
7.628919381009999361e-15 8.780809962209999710e-19 9.525684827710000456e-11 9.999999998999999917e-01 1.580008187069999949e-14 3.462740584039999808e-12 1.482548149190000067e-12 3.360457748390000162e-14 6.493665566579999721e-15 2.025570434450000081e-15
2.741032985669999962e-18 3.059795770420000146e-08 1.151668574950000067e-11 7.050502294600000233e-19 1.216467018590000005e-14 1.007644496499999978e-18 2.084364661559999814e-15 3.596153472129999895e-14 9.999999693900000208e-01 6.975840535659999575e-19
2.570096668750000020e-14 1.348305971279999946e-08 9.419362467250000072e-14 9.999993149650000523e-01 1.490941698469999948e-08 2.094844566160000034e-10 2.457858180999999920e-14 1.087882309389999945e-07 7.334090075379999671e-14 5.476440939649999902e-07
2.834505203669999899e-16 2.226384663659999844e-18 3.628969224850000091e-15 2.828099552349999799e-20 1.426537958759999994e-23 1.000000000000000000e+00 2.427421561580000055e-23 8.879138571999999749e-24 3.159395124849999745e-23 1.956196145369999948e-23
