1.526435276940000044e-27 7.219079681709999631e-25 1.153266721719999896e-28 4.071565177060000288e-23 5.163742108140000358e-21 8.549797871769999479e-30 2.589059106190000092e-21 3.793712028009999772e-22 1.000000000000000000e+00 1.333700213720000111e-26
9.999997809639999957e-01 5.564740307370000076e-12 8.560027857360000236e-17 2.015506410250000177e-09 4.768526248540000303e-13 2.170013778740000045e-07 1.672918161979999909e-12 1.147282901429999947e-11 1.303907800439999974e-17 1.351823418100000069e-17
4.481675468970000006e-15 9.999999910779999723e-01 1.074713286300000038e-18 9.748438077190000616e-25 1.388543752730000032e-21 4.202744924360000046e-19 2.002362461239999855e-17 1.269188994409999988e-16 8.922203726369999289e-09 9.139414043840000502e-19
2.746005919660000007e-11 7.274604672750000427e-19 1.876402593900000015e-14 9.999999988940000417e-01 1.918033505249999987e-20 3.865009583749999989e-13 9.367818538740000161e-10 1.411365984839999970e-18 1.416715983769999900e-10 5.043491988309999965e-14
1.915734480269999910e-32 2.584369757830000231e-32 9.171383127559999907e-30 8.201087469449999261e-21 1.258827408100000019e-23 5.864333682059999920e-30 1.000000000000000000e+00 1.435634126499999897e-17 9.552204246260000131e-26 5.968496572440000043e-30
2.866684019409999725e-17 1.365519769150000038e-23 6.583280045860000484e-01 1.694494876690000074e-19 8.853707151720000675e-18 1.010952015959999937e-20 4.384366843139999735e-17 9.175893016810000665e-15 5.940051517010000112e-16 3.416719954140000071e-01
9.969094517139999691e-09 1.386891338820000044e-12 5.923957473940000273e-01 2.306423083960000139e-12 3.535595039869999807e-11 8.334691108989999727e-09 2.021766754780000060e-13 2.685188392849999901e-11 1.330313399979999985e-14 4.076042342360000070e-01
1.009719206650000100e-09 5.805208018329999792e-06 2.857428697589999925e-13 3.298556396560000002e-11 1.469017948410000021e-10 9.999941935989999919e-01 2.764615218239999828e-18 3.509738595519999846e-12 1.683495536769999909e-16 3.848627587390000075e-14
9.999999997470000457e-01 9.667464807519999953e-12 9.302068831280000339e-13 1.078805507439999998e-11 7.117296245640000090e-13 7.214516758189999640e-13 7.962716079060000031e-14 5.272403102800000116e-12 2.244130811480000004e-10 3.100872989519999796e-13
1.861211255179999984e-21 1.899848125240000056e-24 5.562036621520000143e-27 1.020911965450000069e-24 9.725677177139999685e-01 1.930709877990000115e-12 6.853487583899999827e-19 2.743228228389999954e-02 9.186281286730000601e-20 2.483948502790000060e-26
