1.263438306389999895e-06 1.109399190399999942e-17 6.261526958580000413e-01 5.985680564630000486e-17 4.238860099639999962e-13 4.524226570770000407e-16 3.738460407020000043e-01 7.553527952759999748e-16 6.789943157739999758e-15 1.748457743310000008e-12
6.469596343980000175e-05 1.202232797989999944e-03 2.523514929570000243e-07 9.314911945249999825e-02 6.486339222560000284e-01 1.031640917429999965e-06 3.902320360500000215e-05 2.302516801650000209e-06 1.158649838609999946e-08 2.569074082310000007e-01
1.422889688409999983e-06 1.973954011679999925e-08 5.807665924940000379e-18 3.739014381499999910e-14 3.296947235770000192e-15 2.833428234129999895e-22 1.283286725269999982e-24 2.924522027140000018e-17 9.999985573709999631e-01 1.567087492649999927e-17
2.329189736370000081e-08 3.850817310030000167e-11 6.718415208230000178e-10 7.268339164189999667e-03 6.320923830939999638e-08 5.964545074660000537e-04 2.624896989750000206e-10 4.314905103530000294e-14 4.200866603760000287e-09 9.921351146529999721e-01
7.948237632240000204e-13 1.220488699039999895e-22 8.055678880179999342e-05 6.137716843719999528e-23 4.256455900829999889e-13 3.249558777179999970e-16 9.999194432100000363e-01 4.597624176239999675e-19 1.017946516640000026e-22 1.410303048249999917e-18
4.522344696250000179e-17 8.409254151430000158e-14 1.230139131430000035e-13 1.457861938769999937e-13 5.389076012229999939e-19 9.999999997570000465e-01 2.097692419449999956e-14 2.427500827360000258e-10 3.954703619040000107e-14 1.749291185450000082e-18
1.882838992029999855e-17 4.375693446430000095e-16 7.280689729549999851e-16 4.533384934339999775e-11 6.372006769780000266e-19 9.999999900620000215e-01 1.514394928340000054e-13 9.892946742160000397e-09 4.474729399760000104e-14 1.686694444460000097e-16
1.722781909199999878e-24 7.101807645670000364e-23 1.838740887809999981e-22 1.639470962019999962e-19 1.437086661789999868e-35 1.452763889359999914e-25 5.990843760079999801e-28 1.000000000000000000e+00 4.327395956139999764e-19 5.966742805789999959e-27
6.534284091470000163e-10 2.440227797390000139e-13 3.959456021569999826e-17 6.111374950620000052e-02 7.413122811289999586e-06 5.492435311210000213e-13 3.639604854340000220e-13 1.062829588150000039e-14 6.099171647050000391e-12 9.388788367100000531e-01
1.985754633629999907e-10 9.999983102949999703e-01 4.727084724629999806e-16 2.364430816350000003e-21 1.689506625909999979e-06 2.242871545089999831e-25 4.554564389439999566e-19 1.099135231439999923e-21 2.997226064400000197e-15 8.107575163269999676e-22
