3.395405080889999859e-16 2.672190030979999813e-07 4.737783356440000288e-19 2.093382493570000003e-13 9.999990550549999746e-01 6.054299621780000399e-08 1.041096937649999940e-18 5.502320014349999940e-07 7.175834142990000245e-12 6.694312240800000643e-08
4.036226500390000056e-08 3.140776582209999794e-16 9.999999507510000107e-01 5.206671302629999766e-11 1.037661881779999941e-12 1.158888917690000062e-19 3.703750080240000044e-10 8.176789033040000699e-09 1.028440755720000017e-12 2.855111999839999999e-10
1.307150073179999979e-13 4.218481173409999918e-16 3.728540546790000196e-14 3.937741646069999968e-13 9.999999718149999994e-01 6.227502205050000045e-17 1.344949089179999904e-12 4.432637229869999902e-13 3.578517753049999767e-15 2.818298438849999908e-08
1.501580498330000003e-19 1.000000000000000000e+00 2.364368337710000082e-25 4.394972611030000234e-24 1.514694116180000136e-23 7.390502044459999554e-25 3.156062423020000116e-27 1.016545913840000019e-20 4.623224867709999629e-16 1.669133443880000028e-31
5.209803328900000456e-32 7.094382410440000067e-15 1.573563663190000045e-24 5.456993117419999567e-25 3.836608563449999947e-24 2.317187056930000047e-23 2.703057835980000180e-22 2.753100351189999963e-19 1.000000000000000000e+00 5.661866581099999542e-16
7.391078300059999982e-18 2.408755635200000033e-21 4.735126136280000315e-30 2.119686057699999810e-31 2.350771990450000082e-26 1.000000000000000000e+00 1.233433753500000024e-24 3.568251694210000149e-21 1.064404987269999938e-25 8.221349035339999522e-23
1.219353512150000013e-01 2.052558916539999952e-17 3.822232122359999838e-13 2.725317355149999974e-18 2.484785943900000144e-20 1.047858923400000057e-19 8.780646487840000347e-01 3.154491321669999818e-23 1.370590281870000101e-16 8.818827853939999710e-14
4.473700735229999834e-17 7.613142275180000515e-23 1.371702543749999931e-08 6.241063683239999810e-21 2.260644369339999884e-18 9.677228825340000515e-16 5.554168861250000005e-21 9.999999862830000197e-01 2.418073467530000116e-16 4.970737514959999665e-15
6.377219976719999961e-03 1.042763388810000068e-12 1.156186651730000065e-03 5.715706004360000120e-02 1.153233194179999957e-06 4.694057770729999519e-10 5.338377028540000069e-01 1.021190753110000019e-08 2.144215181120000066e-06 4.014685223430000116e-01
3.222851585569999800e-08 1.518193932619999918e-09 1.650538202079999930e-06 8.118221386470000356e-01 3.163642605479999964e-06 4.279928801369999749e-11 7.763384810510000049e-06 1.222875881790000058e-08 4.365915550390000087e-06 1.881608718539999892e-01
