1.020790024849999950e-04 3.257347176709999932e-09 2.594307369419999922e-04 1.775500878759999940e-04 1.588155439230000071e-06 1.394494285760000075e-11 9.812945592520000426e-01 1.138222123369999973e-10 1.793743848419999953e-02 2.273508959380000016e-04
2.424912737270000026e-23 1.237525341020000022e-29 1.969833813730000028e-34 4.729764302289999626e-43 1.808942734350000022e-25 6.554168263999999855e-01 1.041956789660000031e-29 3.445831736000000145e-01 1.070839099179999975e-30 1.619543241949999961e-32
2.012517583670000044e-03 1.423101214249999962e-07 1.301124434030000020e-11 1.274468946030000086e-12 7.992006457650000497e-09 5.087614055390000503e-10 2.142078315909999952e-10 1.441245528939999940e-11 9.979873313210000374e-01 4.112147461379999704e-11
5.003577570769999877e-13 2.274372477020000094e-14 2.999335516469999855e-19 1.359038090180000069e-22 2.706651359019999837e-16 1.291754359310000006e-18 1.085464753840000005e-17 5.769960393950000204e-20 9.999999999990000221e-01 2.518780055739999994e-18
1.607125883850000125e-04 3.451869326499999960e-28 1.401856485330000015e-19 1.283018891510000018e-16 7.485765908060000285e-22 2.766817068550000033e-18 9.998392874120000107e-01 9.136749611769999625e-20 1.470945488169999977e-21 2.057858864339999996e-19
2.457887150799999847e-14 2.437421558580000070e-04 1.119163258360000005e-11 9.993419825220000163e-01 4.142753101190000059e-04 5.057277816589999650e-16 1.384316652359999892e-13 5.087882816610000017e-17 2.254588967850000137e-16 3.775192935489999954e-13
2.051254840099999902e-13 8.309242575549999771e-15 3.000784519020000102e-21 3.103961984559999904e-15 9.999999905809999756e-01 5.766053861399999659e-09 5.733436890430000294e-20 3.652286804870000030e-09 5.050222002300000375e-15 7.915354867490000709e-21
1.174874847519999990e-25 1.000000000000000000e+00 1.335984358980000019e-21 4.900906077159999704e-18 1.148453497960000083e-19 2.406674629429999841e-25 2.037850779610000006e-33 6.637165597780000210e-26 1.507605988290000010e-22 8.063893520959999588e-22
7.506741316230000135e-11 6.313356358099999524e-13 5.093334618799999491e-01 5.703274075450000263e-09 4.231015073649999905e-12 2.802019354280000008e-06 1.546539537479999968e-12 2.033585908269999924e-07 4.576859737069999971e-12 4.906635269529999732e-01
3.080691956209999738e-17 2.739065478830000044e-22 6.117890995610000271e-01 4.455578031500000168e-10 1.770553625900000176e-24 5.332779907030000165e-18 6.546891241980000536e-17 4.916741098199999962e-16 2.458614142140000019e-22 3.882108999930000137e-01
