7.630983954919999842e-38 1.476179279459999927e-31 2.264231697269999902e-29 1.577563663129999966e-40 1.649680040840000058e-31 1.690247901189999988e-40 1.278067906659999930e-33 4.478759337750000270e-27 1.000000000000000000e+00 1.788292121229999908e-31
2.488628203589999915e-17 4.321130328620000180e-10 2.927923762630000224e-19 5.524743279989999727e-15 9.941928060329999761e-01 5.049445516960000065e-09 3.724039555809999759e-16 5.807188485269999985e-03 4.129580588239999980e-16 6.787282271049999722e-18
5.240206147100000224e-18 4.941287336829999685e-21 1.984718287849999855e-17 2.983598313230000152e-23 1.875238783900000055e-11 9.998273675940000382e-01 1.595080951410000085e-25 1.726323869820000029e-04 4.388697741380000262e-20 1.433155862299999965e-13
7.886571825980000445e-13 9.999999999990000221e-01 1.871047740869999899e-13 9.303306732829999755e-23 4.145926696600000111e-17 1.170296539689999953e-24 3.374497442129999944e-18 4.908905929300000345e-25 2.865798893309999860e-16 6.097550380829999875e-22
5.300612702769999865e-03 3.563311380039999647e-15 3.559643925779999708e-17 7.203180060189999634e-12 4.192412125649999797e-23 2.858353859079999805e-20 2.930031605700000123e-12 6.595618940710000245e-14 1.458322147870000047e-12 9.946993872860000474e-01
5.590539634159999995e-20 9.035355909880000474e-14 9.999780758320000462e-01 2.686502499689999909e-08 2.678995439439999989e-18 2.057755470440000076e-21 2.189729668569999831e-05 1.931758192039999949e-19 6.597588862960000179e-12 4.796860221359999795e-17
2.018286636289999894e-02 3.426422063969999994e-08 9.235302154789999315e-03 4.572940275969999968e-01 1.570737968460000103e-05 7.175478616210000105e-02 4.466556987930000305e-02 8.986842923290000451e-02 2.832439947349999965e-05 3.069549525670000056e-01
8.531602893619999531e-13 3.295632130470000249e-11 6.665185785359999809e-03 6.304709944940000144e-01 7.421090830440000279e-08 6.267799638540000091e-14 3.628637449880000032e-01 4.728063207340000498e-10 4.368594253360000073e-13 1.429775462690000033e-11
3.735077808400000305e-14 2.278370526130000060e-11 7.709387862659999547e-16 5.994526548890000290e-12 8.712761095269999645e-01 1.200331032719999942e-08 1.502790529380000054e-13 1.287238784399999947e-01 5.066511531089999962e-15 3.064311081010000103e-13
9.987602917190000484e-01 1.153476169080000041e-05 1.009998439330000059e-18 2.601612275950000014e-16 2.784089044869999843e-14 2.428750234170000047e-11 6.009042075849999537e-16 1.281498470499999961e-13 7.078097879110000166e-18 1.228173494620000061e-03
