2.217892579810000156e-12 5.286417793699999906e-18 3.597089015370000290e-17 1.249557784930000018e-07 9.669465205389999873e-01 1.430453902459999997e-10 2.497791159479999877e-18 3.305335436000000210e-02 1.428488703040000043e-15 4.106086899480000206e-23
1.458162461180000003e-08 1.968956232369999983e-03 2.648232568700000233e-01 5.692642457160000243e-11 5.069707150330000255e-07 3.455616138820000183e-02 6.819836553279999825e-01 1.180935476449999951e-06 1.666624452459999906e-02 2.311153718050000136e-08
2.020211998069999998e-08 1.036423328659999941e-19 2.311286685989999978e-01 1.683429213699999914e-10 5.283368451020000094e-16 3.751651215839999789e-06 7.688675593789999763e-01 6.818650120430000439e-16 2.425518092489999971e-15 2.861591983390000032e-15
2.031616601670000051e-22 2.864557043870000113e-18 5.077747321049999714e-15 2.394454579390000189e-18 3.040597936630000320e-11 3.775411582009999983e-09 4.005901950160000039e-16 4.576277397950000264e-17 9.999999961940000404e-01 6.557737319479999944e-19
4.835669986989999991e-33 7.315528958159999634e-21 1.045542549389999937e-27 7.057413306859999419e-23 6.162871268580000373e-08 2.347922487680000172e-25 1.512844092230000092e-29 9.999999383709999856e-01 2.242073298460000145e-21 4.342626359420000037e-31
1.312698507019999959e-09 6.079150241999999983e-15 9.358803523510000211e-16 3.403321659240000074e-01 5.938338383300000461e-10 6.270399195610000535e-14 7.975164579949999993e-16 1.683599891069999999e-12 5.770554512770000304e-16 6.596678321679999568e-01
4.609380857879999851e-18 4.852604823549999744e-13 5.616474195739999615e-16 4.964828577640000349e-09 3.998766779609999919e-17 1.750042264779999995e-13 8.688819668780000094e-17 3.411136655709999829e-18 4.224716130299999989e-14 9.999999950340000554e-01
9.998549464279999910e-01 4.109709346639999806e-27 3.430765829560000183e-14 1.450535723710000106e-04 1.833552568049999854e-17 9.821168420349999111e-22 5.033358961500000313e-14 2.094357828139999968e-19 5.682868339169999899e-27 2.919393890370000006e-16
4.327739022320000047e-09 6.775246052589999589e-03 4.981945007520000024e-02 8.706192385550000313e-12 3.064458529450000011e-09 3.576445671390000025e-01 5.857582018050000450e-01 3.809042883539999832e-08 1.168925688649999903e-06 1.320511530750000031e-06
2.807193638859999861e-28 1.000000000000000000e+00 1.224018221950000002e-29 7.391422093870000411e-36 1.247363952699999977e-17 1.315586815879999957e-27 1.446985223140000064e-29 3.562523778709999663e-21 3.680041932479999822e-24 3.779062176159999828e-24
