6.292330989800000287e-18 7.103373104029999744e-19 2.012327187730000081e-19 9.995186803340000425e-01 2.962647632009999872e-24 2.801279300800000227e-25 2.466396355980000195e-15 1.334952688609999914e-23 3.357391430730000198e-22 4.813196655030000022e-04
6.707420892550000069e-01 1.996524904339999976e-03 3.827537452210000221e-11 4.975998858870000135e-08 4.665091258039999645e-13 3.272407266269999893e-01 5.732351933700000051e-09 2.735914986299999890e-13 2.059998223890000159e-05 3.700020960039999916e-09
6.282915788590000186e-04 9.993717084209999824e-01 1.023174410000000081e-28 7.877979605619999572e-14 8.148089369140000486e-20 2.494452248139999938e-18 2.430375134860000081e-29 8.253198029579999748e-26 2.004032086419999919e-27 1.528998417990000020e-24
6.454726812129999707e-18 4.025299122470000286e-24 5.907490634499999883e-19 5.287596043179999774e-25 1.691408626790000058e-09 5.218333989349999826e-20 1.564199745810000044e-30 9.999999983089999933e-01 3.396346622340000074e-19 5.976239279330000065e-21
4.826084928929999737e-15 1.109133008839999947e-15 7.481679726700000282e-03 2.030644308600000074e-05 1.379061188300000035e-09 9.692136021660000253e-12 6.139739272919999546e-01 5.029017897519999545e-13 9.945773282809999755e-10 3.785240841540000178e-01
8.854703464830000590e-21 3.346599679969999831e-25 9.999999973680000487e-01 1.015550569440000029e-14 3.922972533629999881e-14 6.049863749640000440e-17 9.538911981670000962e-10 4.122178519349999968e-18 5.328350034110000191e-25 1.677937025379999929e-09
2.820503551679999964e-13 3.519795656429999846e-07 4.068211403419999940e-18 7.551414339340000238e-27 9.999858641069999665e-01 1.515923576929999981e-18 1.156970539669999984e-24 1.378391276200000063e-05 4.881556678209999854e-15 5.093690680150000284e-24
9.102665995629999340e-02 3.365938847270000256e-02 2.946511791629999877e-01 7.080414033609999654e-06 6.747289490369999532e-02 5.126204380540000383e-01 1.434301820969999960e-07 5.602133543129999985e-04 4.362706740440000113e-07 1.565981147330000042e-06
5.523022376240000177e-06 1.359638520920000095e-09 1.111342833640000052e-12 1.504509331089999839e-11 2.920876014250000036e-12 9.992632465049999801e-01 2.537101989759999904e-08 1.053270679400000022e-10 7.310804797090000081e-04 1.231379572989999868e-07
1.269181107460000052e-30 3.374691782180000071e-36 1.701066441610000066e-38 3.021987668469999841e-30 2.694549883510000106e-31 2.766972360999999999e-19 2.783763328659999910e-13 1.773471815609999896e-32 1.000000000000000000e+00 2.848968856220000094e-19
