7.576455611520000598e-14 1.797338816410000097e-17 9.493461155540000630e-12 1.778314946470000064e-11 1.053060831369999904e-06 1.266373310749999933e-12 4.132635952899999866e-14 7.223572854729999604e-02 9.277631995559999512e-01 1.880727492229999940e-08
1.535420750090000081e-12 1.797901878569999912e-14 1.964695839399999838e-03 9.722177367889999246e-16 5.103963557409999853e-10 4.322243394940000207e-16 1.521031117950000060e-02 5.314508593850000256e-16 5.303694853809999520e-13 9.828249924690000139e-01
9.984537073160000276e-01 3.936702176280000180e-07 1.867986349160000107e-07 3.785494740530000255e-07 1.428387469299999944e-08 1.582836704920000044e-08 2.539928094190000000e-08 1.562308887370000089e-06 1.342910982700000006e-06 1.542372933869999964e-03
9.999999998099999843e-01 9.185381546149999588e-14 6.234945930330000453e-17 1.627674869130000009e-15 8.398630057089999611e-19 1.796077012510000130e-11 1.273423377160000045e-17 6.612211322109999955e-18 2.121142811500000115e-14 1.714681629879999968e-10
9.793397886479999542e-36 1.691971051800000095e-39 6.702079984510000313e-24 3.561900675820000243e-32 3.790676571890000296e-24 4.729624392019999934e-26 1.236980262629999924e-27 1.000000000000000000e+00 2.014223071669999989e-32 1.347725834179999942e-29
8.536888780860000516e-17 8.388584255710000118e-13 1.178405104510000015e-26 7.899288253109999869e-24 2.629298271749999900e-17 9.999999999990000221e-01 1.313994510470000022e-26 1.836527092039999938e-16 8.287730165800000500e-26 1.417702998919999954e-14
1.384797850889999906e-15 1.009426028840000017e-17 1.030774192090000013e-01 2.356171898009999991e-21 3.246171624570000021e-21 7.683278964959999942e-24 8.969225807709999554e-01 7.190164123490000111e-20 4.393263279440000228e-30 2.042402574409999992e-11
3.317286000019999973e-19 1.662395779709999976e-09 1.183801807139999969e-23 9.999999983380000179e-01 1.764426339410000080e-25 6.850368996619999662e-30 3.999127252260000040e-27 2.673017341239999967e-31 1.525432240439999986e-23 1.319207315019999978e-24
2.821248172570000007e-05 7.484291067110000473e-01 5.555917252240000314e-08 1.693344001579999884e-07 3.044702019589999933e-02 2.118920099580000049e-01 1.317062896700000084e-07 1.098634836869999959e-07 1.700152498569999974e-11 9.203184173070000709e-03
1.365937319459999946e-09 1.004894148689999961e-01 3.576627916760000152e-11 5.685276985749999901e-02 8.426469015890000192e-01 1.026106777130000047e-11 1.632270219349999977e-12 3.497762705349999804e-08 5.645952647560000258e-06 5.231339925559999829e-06
