6.230192252300000054e-22 1.231419192510000012e-17 6.652283627400000431e-25 1.000000000000000000e+00 7.506648565800000087e-16 4.209510969890000313e-15 1.488704304169999976e-24 4.685634182000000130e-23 2.475309931089999913e-26 7.415200815700000024e-23
6.648348610280000189e-18 2.865712383170000070e-17 9.999999984580000278e-01 2.659245859009999948e-20 7.098180484469999647e-20 1.180716877009999990e-15 1.541397204450000094e-09 4.077457263560000252e-18 9.323202828470000329e-15 2.397060463849999807e-13
7.084221526920000400e-01 1.368176887960000066e-09 4.679253763609999797e-07 1.557835856840000087e-13 1.819314911080000096e-10 7.669055650719999945e-18 2.907688309959999828e-01 5.832095281800000344e-06 2.113049787030000143e-11 8.027147196509999780e-04
1.471194511490000005e-24 5.802590423640000550e-01 1.553260986130000066e-21 2.569284802459999931e-20 4.197400756870000027e-01 6.379140490449999828e-25 3.504157378439999784e-18 8.819487159249999777e-07 1.071388846750000048e-24 4.691742295849999759e-21
3.578236993940000150e-26 1.086270258870000003e-26 2.193884848839999950e-22 7.381547678480000220e-19 1.643945236910000060e-24 1.000000000000000000e+00 7.310236772190000583e-30 3.303066523240000151e-18 3.351801487160000218e-25 1.050144818799999961e-26
4.585353721920000246e-15 7.650077301090000545e-08 3.073312360539999949e-16 5.944160881750000137e-21 1.559649265559999963e-03 5.164506121410000295e-05 2.448629042289999964e-17 9.983886291719999972e-01 5.554466584150000336e-15 5.110215797760000162e-20
3.043953048160000017e-15 6.547110072839999738e-08 9.816452902739999326e-13 2.492776817170000159e-11 9.552739958420000726e-09 1.947247998950000148e-09 1.708198132639999979e-11 2.870538186960000155e-06 9.994435254850000394e-01 5.535269623259999596e-04
9.588194942199999852e-17 8.210778739269999858e-17 8.890509989579999785e-17 1.254666948999999931e-14 6.069257347810000444e-19 1.480804466939999913e-20 1.343927552830000061e-12 3.101827005679999977e-15 9.999203520089999797e-01 7.964798975929999558e-05
4.028660473130000093e-12 1.730315816470000039e-16 9.999718040799999708e-01 8.340950372229999892e-17 8.630497533550000363e-19 5.673760957449999927e-23 2.819575256910000123e-05 1.062201919940000061e-15 4.462320187859999785e-20 1.634588736570000009e-10
9.935799268230000036e-01 2.088741164659999977e-19 7.119361489950000093e-14 6.420038154879999757e-03 1.533277497710000007e-17 2.774993816400000131e-12 3.434005439910000028e-08 3.815574119419999823e-16 1.177213325060000025e-18 6.796372392580000184e-10
