3.138097345740000027e-10 4.005545432489999849e-07 1.611976746210000068e-14 5.217402785910000285e-01 4.782577337569999809e-01 8.745346473959999584e-13 7.244349894569999473e-11 4.025368260290000120e-11 4.201956323990000092e-11 1.586627961399999956e-06
5.160537653170000252e-10 5.152891291429999873e-08 8.486172644680000099e-01 1.239798108029999928e-05 3.432826029759999873e-10 1.301428673320000016e-09 7.348934459579999654e-09 1.843945279829999819e-12 8.205331898860000056e-03 1.431649446119999947e-01
9.930853386369999924e-01 3.366902712179999917e-23 2.900542253210000136e-31 4.803432280510000094e-25 3.893598132940000269e-33 2.558735881830000155e-36 9.917637179409999679e-22 9.158265882680000653e-30 6.914661363379999599e-03 1.169842843499999953e-30
9.849138819869999621e-15 2.095748575190000081e-13 2.771443999240000060e-16 9.246046485419999461e-02 9.071445613180000311e-01 1.103244911739999969e-22 9.479302976040000577e-15 3.520932905260000122e-19 9.318776507789999517e-07 3.940419497100000178e-04
5.573795357680000396e-34 1.231889412740000071e-30 1.574933622790000083e-23 1.402540337630000039e-41 2.694396577300000225e-29 9.093845817620000417e-25 2.966239995989999834e-22 1.000000000000000000e+00 1.637004933080000169e-30 1.452065033009999955e-37
5.059933804889999807e-07 1.515818118709999989e-08 1.065174654740000056e-10 1.010740449340000039e-05 6.279056810619999540e-01 2.295731324149999853e-09 2.983575854119999843e-02 3.422478466359999971e-01 1.851686294169999922e-09 8.095086218090000308e-08
1.547965041400000130e-01 4.410403728239999902e-04 4.836083537689999871e-06 1.260047601930000018e-03 3.668614793479999696e-05 7.866368445370000018e-01 5.182471353669999663e-03 8.467093921289999936e-05 2.035583897650000001e-03 4.952131492589999934e-02
2.899438520989999769e-22 1.153943228580000063e-15 5.745984852759999928e-01 1.570308703780000092e-15 5.614153523109999567e-25 3.664070955940000147e-10 5.337477138180000093e-21 1.020706281439999974e-19 2.917109945300000296e-17 4.254015143570000212e-01
3.897389351520000231e-10 9.447909237019999462e-14 7.157526808590000082e-07 7.254558896680000084e-17 5.578906935769999465e-17 3.255745375920000023e-11 9.999951064440000259e-01 3.789352562850000010e-10 4.177001739989999876e-06 6.792418666170000119e-15
4.730915160830000052e-15 9.999999998390000089e-01 1.334743653299999939e-17 1.788997526349999886e-16 1.731456301690000133e-24 1.608012194490000107e-10 3.271735125089999759e-23 1.795550279860000033e-19 9.905158761100000140e-24 5.325686775099999994e-22
