8.108816048550000202e-04 1.210317952440000023e-08 1.349324710000000001e-06 7.003727587679999811e-01 1.065965896349999941e-06 4.090069270009999795e-07 2.655362534430000254e-01 1.615906949769999967e-04 7.866309567899999199e-09 3.311567122260000023e-02
6.438782714989999543e-13 1.243080697980000068e-16 1.766064973920000007e-16 6.390989948569999840e-16 9.902407526340000210e-01 9.759246106490000044e-03 6.253500338260000011e-19 7.729010138999999648e-17 1.259204469419999993e-09 1.278498192850000105e-22
5.502110083200000054e-12 9.999999999940000217e-01 1.207109217049999925e-18 7.057950667830000444e-21 1.512161211500000041e-14 5.581545929370000151e-14 2.741482751510000001e-16 2.312135066330000141e-23 4.210235285669999773e-17 8.467242532010000449e-19
4.229420262919999546e-25 1.025681922960000064e-31 1.000000000000000000e+00 2.386330704740000085e-37 5.610247061609999795e-28 1.202578344649999893e-28 3.961550516770000074e-27 2.310999857879999961e-26 2.401460246049999996e-29 4.347289440829999766e-17
9.490019713159999783e-08 7.330255972500000491e-11 5.631640671689999610e-15 5.153474819340000401e-01 2.479180916710000036e-09 6.434566987910000293e-08 4.845363723600000228e-01 1.561146350190000084e-09 1.971983009539999998e-08 1.159626264280000065e-04
7.737951685890000098e-13 5.465749307150000336e-22 2.907371281599999947e-15 1.091871749679999997e-13 1.049936949100000046e-14 5.282899420490000184e-15 1.322630726760000005e-17 9.999999999990000221e-01 1.301675842740000085e-30 3.099353602240000058e-18
1.197711351109999973e-03 9.988022886470000472e-01 4.224016775960000229e-18 7.814625174730000070e-21 1.293815643070000010e-16 1.414303189849999978e-17 1.940727755640000008e-12 7.902488161439999600e-16 7.802043236150000304e-21 1.216124698740000074e-15
5.554214708259999862e-08 9.036396012919999611e-12 2.003519794160000095e-10 2.220200771879999885e-04 1.727123160070000010e-13 2.723090665549999904e-11 9.946293252629999637e-01 1.686809776049999981e-10 3.306826881199999874e-13 5.148598712210000067e-03
6.117730315629999557e-10 1.089876913850000054e-10 2.454999845010000092e-12 2.051110462560000050e-16 9.591735021659999472e-01 4.082649711010000182e-02 7.148178578989999921e-17 2.857250493390000233e-14 3.097753775690000060e-13 3.869594361189999737e-20
7.488809873260000026e-24 4.690188634320000350e-31 6.538249739420000040e-24 3.862597095840000149e-29 1.454723085990000031e-27 4.301758819330000258e-26 4.918930337079999809e-20 1.046984711219999943e-31 1.000000000000000000e+00 6.300277039690000131e-17
