8.548369282020000537e-20 1.366470856590000007e-17 1.568151120999999870e-01 1.084812414549999974e-18 1.427992850299999925e-18 1.750894275699999895e-13 8.431848879000000130e-01 2.046741000930000055e-18 2.424305975559999779e-22 1.582703976050000031e-15
3.812822660370000002e-03 7.950479708069999635e-09 1.063056402759999988e-03 5.136786834190000317e-05 5.308694491299999712e-07 1.827439084899999992e-08 2.222530702879999988e-06 3.003048478530000134e-06 5.547163260599999833e-03 9.895198071340000068e-01
4.464243652120000253e-16 9.513281651270000250e-01 4.868201151229999508e-16 9.076241905010000186e-16 9.808931692669999833e-16 4.867183487340000225e-02 1.521378988929999942e-14 8.840279481519999521e-14 3.089078378050000127e-15 1.974512896839999966e-18
7.727991727780000162e-14 9.788553743519999784e-14 3.769038835720000055e-11 2.080909808179999836e-15 9.999999999209999713e-01 8.520986034670000320e-16 7.856017864839999300e-12 2.999567618620000196e-11 1.064497232610000038e-13 3.273441842360000012e-12
2.032876144410000044e-10 8.640607366520000054e-01 5.173255662150000075e-09 7.957786340880000204e-14 1.001099630269999945e-11 1.359392353860000013e-01 2.257459424529999865e-08 1.401603618090000015e-12 3.172527461409999850e-14 1.118319446089999975e-15
9.999999922710000044e-01 7.456262446000000364e-22 8.026978249919999752e-13 6.888173037190000362e-30 2.794764587539999892e-28 9.708382572660000462e-23 2.968446989880000100e-24 2.401342579240000080e-32 2.816807338649999890e-27 7.728560850450000210e-09
4.032577282229999773e-17 3.469396331649999828e-13 8.463257525439999881e-17 1.549222037380000042e-15 8.097856653760000518e-05 9.183348938020000786e-13 1.190289844269999999e-14 9.999190214309999769e-01 3.279632932900000157e-13 4.006968461970000240e-13
8.077139616990000415e-25 4.394280636469999746e-29 3.734648455339999796e-25 9.999999995149999599e-01 2.928659985140000130e-32 4.256188306779999968e-24 1.145761048559999994e-27 1.639715088030000007e-24 1.237508764389999969e-26 4.851590308410000385e-10
1.213173112600000107e-10 2.877405987379999984e-11 6.326115739469999444e-11 7.653462601260000551e-09 1.266872360850000000e-09 4.778407559609999780e-09 6.288312640710000083e-09 4.566150394309999739e-04 9.995433643069999707e-01 4.530280467089999821e-10
3.072087227360000022e-20 5.871411015469999533e-17 4.490196532649999573e-22 1.087754319829999970e-18 1.180121462709999974e-20 5.508862675629999756e-15 2.301270263460000060e-20 2.025822075440000139e-14 1.000000000000000000e+00 3.120728552089999898e-21
