3.949123361720000141e-26 1.647050309480000019e-31 2.910680684839999860e-25 4.124242189859999770e-31 7.988407695169999910e-25 7.461720688520000517e-23 7.182187613139999371e-24 5.586877611820000264e-31 1.000000000000000000e+00 1.127310003890000018e-27
3.479729158659999897e-20 9.999999960180000480e-01 3.976754339430000016e-09 2.266374159100000057e-16 4.461924933409999865e-12 1.172954786220000066e-27 3.181067009870000030e-13 1.860187885450000128e-15 1.434102533469999936e-21 1.416658221409999945e-18
6.275774206580000316e-18 3.831601760350000188e-16 1.080398437529999997e-17 1.825727936930000017e-01 5.015837786349999811e-11 1.432093708290000070e-17 2.176679506860000004e-06 2.333905169220000069e-14 1.229904851659999953e-21 8.174250295770000285e-01
7.152479248790000391e-08 2.177652728219999881e-13 4.700565850230000002e-09 8.532067721740000178e-11 2.230510130620000034e-07 9.999996238039999819e-01 3.659343828820000104e-11 7.625334312030000134e-08 2.751614057409999859e-10 2.685952722019999802e-10
9.999980534810000155e-01 4.758778259319999759e-14 6.474332626020000574e-14 2.046886107400000074e-11 6.254413721420000278e-18 2.388555631579999803e-13 1.937104685610000097e-06 3.937650621730000102e-17 9.447348997539999549e-13 9.392641316979999597e-09
3.818499002450000008e-11 1.464742338619999937e-17 1.128685552079999940e-14 9.449164819839999893e-16 1.287427504369999972e-08 9.999982495289999607e-01 4.256976170070000017e-17 1.737558381289999947e-06 4.270965131209999967e-15 6.705733176880000120e-16
4.500848624129999975e-01 5.126023396860000109e-02 5.148653566370000267e-05 9.330316096359999797e-03 1.790961298450000072e-02 2.145635077189999955e-03 1.519728457379999897e-01 1.118396272620000020e-01 2.034557446399999914e-01 1.949635284829999990e-03
3.713064554850000009e-32 9.428650659400000026e-22 1.478095511970000128e-32 1.368914521489999925e-21 8.333611431499999833e-01 2.476984049379999948e-23 7.470095662000000583e-33 1.666388568499999889e-01 3.614814521309999789e-34 1.019522656170000033e-29
3.569832286709999886e-10 2.456362469999999861e-08 7.240161132460000491e-07 1.111985814330000016e-01 2.187126846860000090e-11 3.074758338309999920e-13 7.630440373050000336e-01 5.179949768700000430e-13 1.467360389029999920e-14 1.257566323029999933e-01
6.333106729220000368e-21 2.287832880849999895e-10 9.999999997709999588e-01 1.231526738439999885e-19 1.307633285910000030e-25 1.892978031629999952e-24 1.570414337289999959e-17 1.270531811559999979e-27 1.941031650299999901e-17 7.010867464669999648e-23
