4.197725173440000272e-67 2.159600649319999968e-41 1.000000000000000000e+00 9.997212998340000434e-01 1.427843896650000099e-112 1.000000000000000000e+00 9.999999999749999979e-01 1.000000000000000000e+00 1.000000000000000000e+00 1.000000000000000000e+00
4.151869785989999821e-39 3.742441557849999995e-14 1.000000000000000000e+00 2.973904900789999928e-10 1.000000000000000000e+00 1.905086450150000035e-16 1.000000000000000000e+00 9.983489254999999840e-01 1.000000000000000000e+00 3.453208350730000059e-12
1.000000000000000000e+00 9.999999918330000348e-01 6.195758175300000534e-42 3.896930152219999995e-42 3.689120864840000211e-21 1.000000000000000000e+00 3.614752932670000171e-26 5.309449455050000258e-39 2.430183127540000041e-36 1.000000000000000000e+00
1.000000000000000000e+00 1.000000000000000000e+00 2.739608361399999859e-43 1.000000000000000000e+00 1.000000000000000000e+00 3.795758707360000206e-01 1.000000000000000000e+00 1.000000000000000000e+00 1.000000000000000000e+00 2.285265167649999929e-01
1.000000000000000000e+00 1.000000000000000000e+00 1.000000000000000000e+00 1.000000000000000000e+00 1.000000000000000000e+00 1.000000000000000000e+00 7.589990722549999791e-10 1.000000000000000000e+00 2.842180058110000162e-16 1.000000000000000000e+00
2.873290394569999927e-12 2.262332972389999900e-06 1.607229725000000123e-39 2.200343928250000122e-47 1.000000000000000000e+00 1.000000000000000000e+00 1.000000000000000000e+00 9.678518902999999837e-51 1.000000000000000000e+00 1.378323703229999986e-04
1.000000000000000000e+00 1.000000000000000000e+00 1.000000000000000000e+00 1.902592214370000041e-43 3.611876387809999706e-14 1.000000000000000000e+00 1.000000000000000000e+00 3.104091369769999864e-40 1.000000000000000000e+00 1.000000000000000000e+00
1.000000000000000000e+00 1.000000000000000000e+00 1.000000000000000000e+00 1.000000000000000000e+00 3.813481928370000115e-37 9.222650812409999511e-69 1.525772353780000043e-09 1.000000000000000000e+00 2.162496311610000077e-38 6.704861629940000231e-65
1.334644214410000003e-14 8.480483192030000554e-12 4.494879230380000434e-19 1.189262562149999937e-31 1.022256629120000022e-25 4.920516311070000148e-74 3.475884957339999741e-17 3.128134653930000036e-36 3.600089349310000129e-31 6.902597849569999971e-65
3.983885205900000378e-74 5.225767352010000241e-70 3.227782217049999926e-13 1.000000000000000000e+00 1.000000000000000000e+00 1.000000000000000000e+00 5.536075757309999707e-50 1.000000000000000000e+00 2.341027575810000098e-32 1.000000000000000000e+00
