1.000000000000000000e+00 1.000000000000000000e+00 1.000000000000000000e+00 1.000000000000000000e+00 5.543944092509999894e-36 1.000000000000000000e+00 1.000000000000000000e+00 8.076704926649999658e-25 9.998366265350000504e-01 4.930845364230000263e-28
1.000000000000000000e+00 1.000000000000000000e+00 9.896647930800000369e-50 1.000000000000000000e+00 1.000000000000000000e+00 1.163617586429999994e-67 9.807243462120000152e-52 3.686621713749999724e-02 1.200560513830000053e-35 4.699079136750000154e-37
1.000000000000000000e+00 1.000000000000000000e+00 1.000000000000000000e+00 1.000000000000000000e+00 1.000000000000000000e+00 1.000000000000000000e+00 1.000000000000000000e+00 1.000000000000000000e+00 5.976839710179999987e-02 1.000000000000000000e+00
1.000000000000000000e+00 3.135270402020000196e-39 1.000000000000000000e+00 7.833077952159999365e-27 8.283547557829999907e-44 1.000000000000000000e+00 1.000000000000000000e+00 7.111485136440000021e-01 1.000000000000000000e+00 1.000000000000000000e+00
1.000000000000000000e+00 1.000000000000000000e+00 5.581989104679999724e-21 9.980015509020000453e-01 1.000000000000000000e+00 5.725358529260000185e-69 4.457985893719999939e-23 9.999999999149999930e-01 1.000000000000000000e+00 1.000000000000000000e+00
2.196162842879999848e-78 3.618371221479999711e-43 2.927703007100000052e-24 1.000000000000000000e+00 1.000000000000000000e+00 1.000000000000000000e+00 7.512290391420000199e-25 9.999999682710000171e-01 1.000000000000000000e+00 1.000000000000000000e+00
1.000000000000000000e+00 1.008196680339999965e-09 3.204532691970000075e-22 4.410613174810000319e-58 1.368660564879999955e-17 6.174808005800000479e-76 2.267198799939999906e-29 1.195216038570000028e-01 2.923073406890000019e-22 1.000000000000000000e+00
8.122283843429999830e-25 1.538111678510000079e-31 1.000000000000000000e+00 2.181458311359999946e-17 9.999999999959999775e-01 2.172000583500000031e-62 1.000000000000000000e+00 1.000000000000000000e+00 5.904924157790000239e-01 2.723854577089999957e-14
1.537890065160000015e-33 1.640418653260000128e-48 1.608835538060000058e-09 1.000000000000000000e+00 1.263236415279999963e-43 1.370298072440000078e-57 3.387548970970000192e-14 9.979987968489999759e-30 3.691736986759999819e-16 2.020206732439999900e-25
4.801354307600000090e-56 1.000000000000000000e+00 1.331128045650000072e-19 3.850196023179999732e-55 9.999898744190000022e-01 1.000000000000000000e+00 1.458776211770000075e-08 5.230896804079999797e-33 9.946582080330000283e-03 1.282576395100000026e-23
