1.000000000000000000e+00 9.999942191859999552e-01 1.000000000000000000e+00 1.000000000000000000e+00 9.493734000199999257e-43 1.000000000000000000e+00 1.000000000000000000e+00 1.000000000000000000e+00 9.964552532299999488e-01 1.000000000000000000e+00
1.000000000000000000e+00 5.433229394610000144e-55 1.106889489049999926e-80 1.631357503910000062e-01 4.567849102169999799e-61 3.854965065599999994e-48 3.136441308820000163e-20 1.401880144169999991e-09 1.000000000000000000e+00 1.000000000000000000e+00
1.000000000000000000e+00 2.226921789259999904e-71 1.252087179459999970e-28 1.000000000000000000e+00 1.000000000000000000e+00 9.999999999359999725e-01 4.934006908560000017e-22 2.843225013489999872e-39 2.508143316940000055e-17 1.000000000000000000e+00
1.000000000000000000e+00 1.000000000000000000e+00 1.000000000000000000e+00 7.616098691100000332e-43 1.059987522790000024e-08 1.000000000000000000e+00 6.453457002639999791e-52 2.251401775060000047e-64 1.000000000000000000e+00 1.000000000000000000e+00
9.480445476989999462e-30 1.000000000000000000e+00 2.480617121180000232e-106 1.297125186330000005e-29 1.252101024520000029e-47 9.020129639520000353e-01 1.373604256560000034e-36 4.699567058549999928e-36 9.999466580320000020e-01 5.763186320860000347e-28
4.394596334290000184e-01 1.000000000000000000e+00 1.000000000000000000e+00 1.000000000000000000e+00 1.000000000000000000e+00 1.000000000000000000e+00 1.000000000000000000e+00 1.000000000000000000e+00 1.336394409780000125e-01 8.153993195419999562e-01
1.000000000000000000e+00 1.000000000000000000e+00 6.821686178259999934e-45 1.000000000000000000e+00 1.000000000000000000e+00 3.761218785480000342e-71 1.000000000000000000e+00 1.000000000000000000e+00 1.000000000000000000e+00 1.000000000000000000e+00
3.020461727800000067e-06 1.566274073380000070e-58 1.000000000000000000e+00 7.020412987450000296e-15 1.000000000000000000e+00 1.249967261079999957e-70 1.000000000000000000e+00 1.000000000000000000e+00 2.530275105889999837e-16 4.079377598879999968e-18
7.935031073599999761e-16 1.000000000000000000e+00 1.945863218279999993e-75 5.015543719000000180e-37 1.000000000000000000e+00 1.000000000000000000e+00 1.000000000000000000e+00 1.000000000000000000e+00 6.616378665219999622e-01 3.405163931420000195e-16
8.115396461370000150e-23 1.453212209509999998e-19 1.000000000000000000e+00 1.000000000000000000e+00 2.411358095010000154e-38 1.087433105110000034e-12 2.520248237680000028e-23 1.036593031460000049e-18 5.288704233040000295e-15 2.045065584239999982e-25
