3.850656526559999728e-76 1.469889233689999990e-40 9.988374113919999964e-01 1.000000000000000000e+00 2.778979845060000123e-42 1.000000000000000000e+00 1.096654606920000035e-44 1.000000000000000000e+00 1.000000000000000000e+00 1.000000000000000000e+00
1.000000000000000000e+00 1.000000000000000000e+00 1.000000000000000000e+00 1.000000000000000000e+00 2.793217729230000096e-73 9.999943585720000305e-01 1.000000000000000000e+00 5.707964033310000353e-34 1.000000000000000000e+00 9.999999999980000442e-01
5.630267509760000094e-02 2.392566507739999921e-76 3.584242059070000264e-01 3.180244470049999959e-19 1.000000000000000000e+00 3.393036852380000038e-41 9.999061947589999999e-01 6.371907701929999604e-22 5.884331655129999440e-23 2.803963630130000006e-31
1.000000000000000000e+00 1.000000000000000000e+00 8.435469389889999229e-31 1.000000000000000000e+00 1.000000000000000000e+00 3.587797373859999972e-01 1.000000000000000000e+00 2.427728674220000038e-29 1.000000000000000000e+00 1.000000000000000000e+00
1.980081724559999980e-43 1.000000000000000000e+00 1.000000000000000000e+00 1.097738282769999950e-15 1.000000000000000000e+00 1.000000000000000000e+00 2.050835435469999868e-11 1.000000000000000000e+00 1.000000000000000000e+00 2.467030883639999880e-35
1.000000000000000000e+00 1.000000000000000000e+00 1.000000000000000000e+00 9.999999999980000442e-01 1.000000000000000000e+00 1.000000000000000000e+00 1.000000000000000000e+00 1.000000000000000000e+00 5.435973787780000280e-48 1.000000000000000000e+00
4.659881674620000119e-39 1.000000000000000000e+00 2.704873871039999966e-33 2.349722584579999796e-31 3.912355506680000107e-120 9.999547762999999589e-01 7.145599368399999851e-30 1.454257728389999917e-13 1.470537674149999924e-50 8.873607005530000338e-23
1.000000000000000000e+00 1.872888667060000090e-37 1.862876356820000145e-24 4.430748878750000203e-21 3.371620059090000271e-51 6.282222779169999841e-07 1.000000000000000000e+00 1.000000000000000000e+00 1.000000000000000000e+00 6.692649357570000510e-24
1.837028584700000132e-17 6.585899728930000254e-50 1.000000000000000000e+00 9.995007780850000412e-01 9.997933930310000425e-67 5.262981915480000282e-24 1.841553541070000034e-05 1.088071024889999926e-27 2.435721014859999823e-90 1.000000000000000000e+00
3.451298163379999896e-98 1.000000000000000000e+00 2.395566384059999965e-49 1.000000000000000000e+00 1.000000000000000000e+00 1.000000000000000000e+00 6.113584570770000238e-65 9.997424676389999876e-01 6.411116984699999975e-49 1.000000000000000000e+00
