9.703463361860000253e-67 2.614339956049999963e-38 1.000000000000000000e+00 4.214941352020000224e-09 5.221941927879999970e-36 4.379972660189999681e-34 1.000000000000000000e+00 8.195425744049999671e-17 2.086436385700000003e-96 1.000000000000000000e+00
1.000000000000000000e+00 1.000000000000000000e+00 1.000000000000000000e+00 9.999969780659999641e-01 1.000000000000000000e+00 1.000000000000000000e+00 1.000000000000000000e+00 1.000000000000000000e+00 6.111511957849999764e-64 1.000000000000000000e+00
1.863928393270000050e-56 5.294957356679999842e-08 1.082935617700000025e-14 1.212002552360000004e-32 1.000000000000000000e+00 2.511772720500000096e-09 1.000000000000000000e+00 1.000000000000000000e+00 1.000000000000000000e+00 2.276686374849999850e-21
1.000000000000000000e+00 1.000000000000000000e+00 1.000000000000000000e+00 1.000000000000000000e+00 7.268394717419999699e-34 1.000000000000000000e+00 1.000000000000000000e+00 5.490778838710000199e-33 1.000000000000000000e+00 9.999999999990000221e-01
1.990129931350000108e-56 9.159385086290000986e-16 1.904783528590000119e-43 5.376159299800000395e-13 4.661116459059999875e-49 3.513785306799999943e-16 1.199354357190000007e-15 9.477584308330000028e-55 1.000000000000000000e+00 7.687046582009999813e-21
1.000000000000000000e+00 1.473189545759999986e-55 1.000000000000000000e+00 1.560117814799999964e-34 2.134707301640000098e-17 6.075823687989999712e-43 9.999870841069999905e-01 6.508062250700000520e-20 1.000000000000000000e+00 3.098533644759999817e-01
9.591416116800000284e-32 1.000000000000000000e+00 1.000000000000000000e+00 2.060638991410000120e-01 1.000000000000000000e+00 1.000000000000000000e+00 4.104296210399999993e-77 1.000000000000000000e+00 1.000000000000000000e+00 1.000000000000000000e+00
1.000000000000000000e+00 1.000000000000000000e+00 9.888812683190000768e-41 1.139848901620000021e-01 3.012340363140000218e-19 1.000000000000000000e+00 1.115395669429999983e-44 6.758994165940000507e-14 6.590887846439999991e-26 8.407467768219999834e-23
9.375792830970000411e-29 2.854457146290000132e-63 8.134953698469999528e-06 1.000000000000000000e+00 9.999999997849999822e-01 5.040320123179999630e-47 3.287625899319999850e-76 1.000000000000000000e+00 1.751003206930000130e-55 1.000000000000000000e+00
1.000000000000000000e+00 1.513334340109999932e-28 2.483561977319999850e-31 1.000000000000000000e+00 1.000000000000000000e+00 3.100043787220000075e-24 1.000000000000000000e+00 1.000000000000000000e+00 1.000000000000000000e+00 1.000000000000000000e+00
