1.000000000000000000e+00 1.000000000000000000e+00 1.000000000000000000e+00 1.000000000000000000e+00 1.248949150460000062e-26 1.000000000000000000e+00 1.000000000000000000e+00 1.088998062760000080e-22 1.000000000000000000e+00 1.000000000000000000e+00
3.629384834539999770e-27 2.340895372790000196e-28 1.000000000000000000e+00 1.000000000000000000e+00 3.905902179999999939e-33 1.162839260280000026e-72 1.000000000000000000e+00 7.336231286969999710e-01 1.000000000000000000e+00 8.627456140520000670e-24
3.778601712760000231e-01 3.797508940600000300e-11 7.056399653109999990e-54 1.000000000000000000e+00 5.768201086240000259e-35 1.000000000000000000e+00 1.939495840469999946e-51 1.000000000000000000e+00 1.158966267799999955e-14 1.000000000000000000e+00
1.000000000000000000e+00 9.999999977550000363e-01 1.000000000000000000e+00 2.656692913549999898e-92 1.063810796299999956e-17 1.000000000000000000e+00 1.000000000000000000e+00 1.000000000000000000e+00 1.000000000000000000e+00 1.000000000000000000e+00
1.027602752809999923e-15 1.997727608110000108e-01 9.285559816609999394e-19 1.000000000000000000e+00 1.000000000000000000e+00 1.000000000000000000e+00 2.978035860849999980e-27 1.000000000000000000e+00 1.000000000000000000e+00 4.476822429770000003e-20
2.856729479880000197e-51 4.112162897779999843e-56 8.697169524429999817e-34 8.744120903249999417e-22 3.447141560820000117e-01 7.281215431400000336e-72 1.733497315089999981e-44 5.317887613400000119e-31 1.149702694070000013e-20 1.000000000000000000e+00
2.413877637490000143e-26 1.557090697070000013e-18 1.000000000000000000e+00 9.637214733930000235e-36 1.000000000000000000e+00 5.125207002389999818e-32 1.000000000000000000e+00 2.076648442739999899e-30 9.999999537289999685e-01 6.360312646400000182e-25
1.000000000000000000e+00 1.000000000000000000e+00 1.000000000000000000e+00 1.000000000000000000e+00 1.000000000000000000e+00 9.999999722360000121e-01 1.000000000000000000e+00 1.000000000000000000e+00 2.885924215540000092e-35 1.000000000000000000e+00
1.000000000000000000e+00 1.000000000000000000e+00 7.952109820630000112e-56 4.379760002610000245e-07 1.000000000000000000e+00 2.958757262809999995e-36 1.667131618710000100e-50 9.999619739709999511e-01 1.000000000000000000e+00 1.000000000000000000e+00
9.971235150680000103e-01 1.000000000000000000e+00 3.823848723180000305e-15 2.719086719810000129e-67 3.759875766650000248e-15 1.000000000000000000e+00 3.398750632560000196e-07 2.767455740449999875e-58 5.689781896120000290e-41 1.023481713160000012e-47
