9.205441278389999392e-06 9.980846186249999752e-01 1.674189540459999957e-34 2.199842799679999987e-69 1.000000000000000000e+00 1.000000000000000000e+00 3.960430233580000009e-46 1.000000000000000000e+00 3.712698816499999804e-46 1.000000000000000000e+00
3.853762916389999984e-10 8.575651558350000370e-01 6.268307034469999698e-29 1.000000000000000000e+00 1.000000000000000000e+00 1.000000000000000000e+00 9.211755251739999316e-49 1.000000000000000000e+00 1.000000000000000000e+00 2.039229371879999929e-83
1.000000000000000000e+00 2.705694096260000125e-01 1.000000000000000000e+00 8.442238636460000190e-46 1.241058319739999990e-35 1.000000000000000000e+00 1.470331533410000040e-49 2.399395980089999893e-29 1.000000000000000000e+00 3.606005510549999959e-01
1.508450210980000119e-04 1.017147151700000074e-15 1.000000000000000000e+00 1.000000000000000000e+00 6.776396442350000213e-22 1.000000000000000000e+00 1.000000000000000000e+00 8.719976899070000253e-19 2.174365308189999917e-70 9.999999999869999545e-01
1.000000000000000000e+00 1.000000000000000000e+00 1.000000000000000000e+00 1.000000000000000000e+00 1.000000000000000000e+00 1.000000000000000000e+00 1.000000000000000000e+00 1.000000000000000000e+00 1.000000000000000000e+00 1.000000000000000000e+00
1.168795509579999975e-05 9.999749499169999778e-01 1.000000000000000000e+00 1.031326721879999974e-07 1.000000000000000000e+00 1.144276549959999963e-58 1.000000000000000000e+00 1.000000000000000000e+00 1.156261570650000067e-68 5.101735989429999637e-66
2.565832372470000102e-11 3.854108906979999855e-23 1.024988867209999979e-32 1.443720659830000010e-08 1.214153623560000038e-31 2.001854854620000124e-38 2.927997844900000104e-42 3.347448373970000212e-27 6.828189337820000269e-72 9.491187782099999664e-57
1.000000000000000000e+00 1.000000000000000000e+00 4.410058614899999732e-43 1.000000000000000000e+00 1.000000000000000000e+00 7.398832421710000044e-81 1.000000000000000000e+00 1.000000000000000000e+00 4.526104591059999733e-39 1.000000000000000000e+00
1.000000000000000000e+00 1.000000000000000000e+00 1.555910463259999987e-40 1.653425575490000080e-53 2.995599170460000061e-30 1.576462791620000122e-29 1.000000000000000000e+00 2.764010205530000165e-27 1.000000000000000000e+00 9.740094868350000467e-40
2.693736401479999815e-15 1.470366374479999958e-36 9.496744938099999849e-35 1.000000000000000000e+00 2.478786336930000047e-13 1.154192554199999898e-22 1.000000000000000000e+00 2.556326826360000097e-13 1.000000000000000000e+00 9.999996560080000041e-01
