2.895707148680000010e-55 1.001978249020000087e-27 5.998619864229999898e-98 6.164036542569999954e-32 9.999999998349999863e-01 4.340568314560000094e-20 9.713947521840000441e-172 9.999999922860000057e-01 3.444492341340000287e-30 7.126406723019999829e-40
1.000000000000000000e+00 7.014124103179999493e-66 1.000000000000000000e+00 1.000000000000000000e+00 1.083003475319999984e-16 1.274404447349999930e-21 1.000000000000000000e+00 1.316843240540000048e-29 1.665022856569999886e-25 1.000000000000000000e+00
3.407190031510000048e-56 3.733455976449999769e-16 2.917681842569999903e-18 1.000000000000000000e+00 4.858046512280000162e-23 1.737693940909999938e-22 3.710205326669999756e-26 1.268504349260000115e-53 1.000000000000000000e+00 1.000000000000000000e+00
6.314256834700000434e-53 1.918700724970000051e-103 4.051498879719999913e-53 1.000000000000000000e+00 2.256089823430000030e-01 1.000000000000000000e+00 1.344325602670000005e-64 1.000000000000000000e+00 9.999999996389999923e-01 1.000000000000000000e+00
1.105716872990000016e-69 1.000000000000000000e+00 1.000000000000000000e+00 1.391539747619999967e-06 5.252157938039999641e-01 9.999999913689999742e-01 1.000000000000000000e+00 9.995658676419999500e-01 1.000000000000000000e+00 1.508439357580000084e-01
1.000000000000000000e+00 1.000000000000000000e+00 1.000000000000000000e+00 1.000000000000000000e+00 1.000000000000000000e+00 1.000000000000000000e+00 1.000000000000000000e+00 2.626750811469999881e-03 3.775909713329999893e-19 1.000000000000000000e+00
5.083046006780000274e-50 5.850005232749999774e-22 1.000000000000000000e+00 1.613877493800000089e-29 1.146715183730000056e-08 1.600183841550000055e-15 1.000000000000000000e+00 9.999986772100000199e-01 5.022351685549999837e-23 1.748402615799999894e-34
1.000000000000000000e+00 1.000000000000000000e+00 3.800760908859999994e-39 1.000000000000000000e+00 9.956435175729999587e-01 3.130368919829999858e-29 1.441326768760000011e-50 9.999993579589999682e-01 1.000000000000000000e+00 1.000000000000000000e+00
1.000000000000000000e+00 1.000000000000000000e+00 3.129745057419999885e-55 2.581267881340000038e-43 2.864071401510000175e-07 1.000000000000000000e+00 1.730888482670000112e-61 4.578474666739999754e-02 3.286685858669999918e-12 1.685095334429999878e-55
1.000000000000000000e+00 4.302314150119999892e-141 1.000000000000000000e+00 1.000000000000000000e+00 1.000000000000000000e+00 1.000000000000000000e+00 1.000000000000000000e+00 9.999999999990000221e-01 1.000000000000000000e+00 9.999999802390000525e-01
