1.000000000000000000e+00 1.000000000000000000e+00 1.000000000000000000e+00 1.000000000000000000e+00 1.000000000000000000e+00 1.000000000000000000e+00 1.000000000000000000e+00 1.000000000000000000e+00 1.000000000000000000e+00 9.999612781459999988e-01
1.000000000000000000e+00 1.000000000000000000e+00 7.505448336110000253e-59 1.000000000000000000e+00 1.000000000000000000e+00 1.035114586339999993e-51 1.669992664309999962e-37 1.000000000000000000e+00 1.000000000000000000e+00 1.000000000000000000e+00
1.000000000000000000e+00 5.980744865119999911e-33 8.974964117450000188e-45 4.858505152740000124e-34 1.102774020389999971e-54 1.000000000000000000e+00 9.206158287579999918e-08 1.227887953130000053e-64 3.857296723100000119e-25 5.071647490970000240e-11
2.369137180279999915e-84 5.729683860069999827e-08 3.003100772580000150e-80 1.000000000000000000e+00 1.921795381529999888e-26 3.793322478639999848e-59 4.152588726449999627e-06 4.320599044109999972e-18 2.934904731599999881e-04 1.741611722229999942e-22
1.889202080520000147e-64 1.761477804469999957e-33 1.000000000000000000e+00 1.512884745360000005e-01 1.000000000000000000e+00 1.000000000000000000e+00 4.974180227229999989e-18 1.000000000000000000e+00 8.441644681569999254e-34 1.000000000000000000e+00
1.041486318359999999e-73 1.000000000000000000e+00 7.298677185799999669e-37 6.122628961429999627e-28 1.000000000000000000e+00 1.000000000000000000e+00 2.334227966200000086e-25 7.228995847159999888e-07 1.000000000000000000e+00 1.993255611949999981e-39
1.000000000000000000e+00 9.071323780179999737e-23 1.000000000000000000e+00 8.978988541730000638e-39 9.999996007070000026e-01 7.713052831350000464e-72 1.000000000000000000e+00 1.000000000000000000e+00 3.654015078720000137e-28 3.895973885329999636e-40
4.809251320159999782e-31 1.000000000000000000e+00 1.000000000000000000e+00 7.668981181899999642e-34 1.627104936799999926e-49 9.999999999990000221e-01 1.000000000000000000e+00 1.560093894149999992e-77 1.000000000000000000e+00 1.000000000000000000e+00
1.000000000000000000e+00 3.590379807629999866e-04 1.000000000000000000e+00 1.000000000000000000e+00 2.942826453999999978e-46 2.252217297800000129e-40 2.124969539559999898e-01 8.128983938670000189e-78 9.999999998209999630e-01 1.000000000000000000e+00
1.000000000000000000e+00 4.303363369059999832e-01 7.384852525630000093e-293 1.000000000000000000e+00 7.955392383339999762e-01 1.000000000000000000e+00 1.000000000000000000e+00 1.000000000000000000e+00 9.999999999340000167e-01 1.000000000000000000e+00
