1.000000000000000000e+00 1.000000000000000000e+00 1.000000000000000000e+00 1.000000000000000000e+00 5.472784218799999980e-39 1.000000000000000000e+00 9.984418264550000144e-01 1.868749223210000015e-96 1.000000000000000000e+00 4.270033447299999863e-43
1.146660567540000076e-27 1.000000000000000000e+00 1.036604659590000041e-25 1.880110624139999864e-49 1.000000000000000000e+00 1.000000000000000000e+00 2.087807069390000065e-39 1.000000000000000000e+00 1.000000000000000000e+00 3.238230802730000194e-35
1.000000000000000000e+00 5.991145226759999887e-61 1.000000000000000000e+00 4.631650461160000000e-44 3.162303892510000256e-33 1.727411435230000065e-84 1.000000000000000000e+00 9.850779060809999688e-73 3.912333909900000226e-26 1.000000000000000000e+00
2.127670793140000003e-13 8.963592223209999565e-21 1.000000000000000000e+00 1.000000000000000000e+00 1.000000000000000000e+00 1.053822813799999971e-37 2.421998603779999773e-38 3.341032258210000169e-40 1.000000000000000000e+00 1.000000000000000000e+00
1.000000000000000000e+00 1.000000000000000000e+00 1.000000000000000000e+00 8.819863202439999758e-29 1.564107722880000039e-45 1.000000000000000000e+00 1.000000000000000000e+00 1.000000000000000000e+00 1.000000000000000000e+00 1.000000000000000000e+00
7.856499124270000089e-06 6.433472645239999589e-05 2.558563382310000096e-72 1.000000000000000000e+00 3.427724471140000152e-43 9.999999999990000221e-01 1.578076370420000057e-16 1.000000000000000000e+00 4.150339415320000066e-32 1.000000000000000000e+00
4.328286035199999777e-17 6.526598340489999712e-17 1.000000000000000000e+00 1.000000000000000000e+00 1.000000000000000000e+00 3.382379853089999877e-07 1.000000000000000000e+00 1.000000000000000000e+00 4.515944520899999570e-19 4.162242345999999932e-48
3.321014953020000049e-01 1.801666480759999931e-31 5.108485466610000280e-59 2.714862776479999836e-44 5.131523461780000357e-40 6.016634649459999783e-35 4.801234785579999725e-11 1.769809675990000165e-46 7.128172550300000129e-20 7.129878436950000267e-60
1.000000000000000000e+00 1.000000000000000000e+00 1.000000000000000000e+00 9.652294344520000494e-92 1.000000000000000000e+00 1.000000000000000000e+00 1.000000000000000000e+00 1.000000000000000000e+00 2.782517740220000097e-07 2.500414255220000143e-56
1.000000000000000000e+00 4.119723659560000387e-09 4.858972819249999931e-75 1.000000000000000000e+00 1.000000000000000000e+00 2.398406597720000022e-23 1.000000000000000000e+00 1.000000000000000000e+00 1.000000000000000000e+00 1.000000000000000000e+00
