2.530307149749999777e-60 4.236724094729999927e-16 5.750724499890000252e-18 9.999995794270000182e-01 5.861848450839999747e-06 1.330920293269999906e-18 2.471128952980000018e-54 3.487871569280000142e-33 1.000000000000000000e+00 1.000000000000000000e+00
1.000000000000000000e+00 4.520074551690000106e-26 1.493541841530000033e-23 1.373448551759999966e-08 1.221574132300000017e-18 1.000000000000000000e+00 6.458099524910000137e-27 3.962292338109999805e-37 1.680438240629999876e-52 2.118804221379999951e-35
1.000000000000000000e+00 3.254211355349999782e-19 6.756643008220000283e-19 1.000000000000000000e+00 7.845842809640000164e-15 1.000000000000000000e+00 1.000000000000000000e+00 1.074833947939999954e-42 1.000000000000000000e+00 1.000000000000000000e+00
1.000000000000000000e+00 1.000000000000000000e+00 1.000000000000000000e+00 1.000000000000000000e+00 1.000000000000000000e+00 1.000000000000000000e+00 1.000000000000000000e+00 1.000000000000000000e+00 1.000000000000000000e+00 9.999995008309999767e-01
6.893106658489999289e-24 6.461406176759999867e-12 7.435393016069999734e-11 1.000000000000000000e+00 3.063606844869999992e-04 4.167777438559999736e-05 2.868408617350000074e-24 1.000000000000000000e+00 1.790255913820000015e-56 1.511273407209999942e-43
9.999999998109999622e-01 1.000000000000000000e+00 1.000000000000000000e+00 1.000000000000000000e+00 1.000000000000000000e+00 1.579972006520000022e-103 1.000000000000000000e+00 1.000000000000000000e+00 1.000000000000000000e+00 1.000000000000000000e+00
1.000000000000000000e+00 9.999999966729999912e-01 9.999999931680000342e-01 7.250940334330000250e-37 5.069958223730000081e-03 1.172980999549999979e-59 1.000000000000000000e+00 1.070171305680000030e-33 1.000000000000000000e+00 9.617321602019999473e-31
1.393545920439999998e-37 9.999973823390000405e-01 9.999989858159999967e-01 3.000725320860000059e-62 2.937871075330000261e-04 9.433211298840000344e-71 1.000000000000000000e+00 1.000000000000000000e+00 5.975428253039999652e-42 1.554768967169999951e-48
1.000000000000000000e+00 3.432866908580000098e-01 6.092143346339999876e-01 5.631084292560000256e-21 9.247884007750000021e-05 1.000000000000000000e+00 1.000000000000000000e+00 1.000000000000000000e+00 1.257020643289999929e-63 1.000000000000000000e+00
1.523706276330000087e-08 1.000000000000000000e+00 1.000000000000000000e+00 1.249119471810000114e-13 1.000000000000000000e+00 1.000000000000000000e+00 1.266116619620000107e-53 1.000000000000000000e+00 1.000000000000000000e+00 9.780511136059999661e-24
