9.999999999990000221e-01 1.000000000000000000e+00 1.000000000000000000e+00 3.851644657230000091e-94 1.573978665629999910e-09 1.000000000000000000e+00 1.000000000000000000e+00 1.475680585099999969e-09 1.000000000000000000e+00 1.000000000000000000e+00
2.208002339620000138e-15 7.291608273860000071e-26 1.924453138510000073e-21 2.800137811900000089e-59 5.649777138039999731e-46 1.000000000000000000e+00 1.975835742810000059e-26 6.866255755850000364e-01 3.491056527379999936e-20 2.515901591560000068e-23
9.999999476199999959e-01 4.526369820730000019e-19 1.000000000000000000e+00 1.000000000000000000e+00 1.769087277609999868e-67 1.000000000000000000e+00 1.000000000000000000e+00 1.000000000000000000e+00 1.000000000000000000e+00 1.000000000000000000e+00
1.979813816750000070e-03 2.593957634009999980e-07 1.209228837170000085e-53 1.000000000000000000e+00 1.000000000000000000e+00 1.000000000000000000e+00 5.940116599110000089e-52 1.000000000000000000e+00 1.000000000000000000e+00 1.000000000000000000e+00
2.791443969870000264e-17 2.898709776630000107e-28 9.658761242909999053e-10 1.000000000000000000e+00 5.160088669570000183e-59 1.676391440410000005e-50 1.038615043149999987e-19 3.113714147890000209e-34 2.180709441609999900e-30 2.778108582490000198e-29
1.000000000000000000e+00 1.000000000000000000e+00 4.701744444599999683e-22 2.379600986309999846e-14 2.740604637310000019e-20 1.772789021180000101e-31 5.193491712410000053e-53 9.999997704359999684e-01 7.613084101959999963e-23 1.864035763390000037e-24
1.122939305590000075e-24 1.549035485139999836e-36 1.000000000000000000e+00 1.000000000000000000e+00 1.000000000000000000e+00 2.681927075830000032e-24 1.000000000000000000e+00 3.047682085089999782e-11 1.000000000000000000e+00 1.000000000000000000e+00
3.714439927020000305e-15 4.664993219440000227e-22 1.000000000000000000e+00 3.813076089250000267e-213 1.000000000000000000e+00 6.156869148260000341e-25 1.000000000000000000e+00 3.256054775829999786e-13 1.000000000000000000e+00 1.000000000000000000e+00
1.000000000000000000e+00 1.000000000000000000e+00 7.705267930359999383e-11 1.000000000000000000e+00 1.000000000000000000e+00 1.724451864610000103e-28 9.974872191189999571e-01 1.000000000000000000e+00 1.000000000000000000e+00 1.000000000000000000e+00
1.000000000000000000e+00 1.000000000000000000e+00 1.000000000000000000e+00 1.000000000000000000e+00 1.000000000000000000e+00 1.000000000000000000e+00 1.000000000000000000e+00 1.000000000000000000e+00 3.067019005599999850e-80 3.596623871060000282e-92
