6.782730413829999992e-40 1.000000000000000000e+00 6.012402215920000296e-58 4.631397863329999792e-23 1.000000000000000000e+00 1.000000000000000000e+00 1.000000000000000000e+00 1.000000000000000000e+00 1.000000000000000000e+00 8.926577969210000147e-24
1.000000000000000000e+00 1.002379848059999968e-21 7.078345020820000048e-56 8.257650296800000399e-26 1.022121785150000033e-16 1.081280101119999986e-21 2.217441136459999850e-55 2.349592306030000155e-13 2.743606310520000250e-38 5.958077686830000482e-29
1.000000000000000000e+00 1.500478866940000051e-02 1.000000000000000000e+00 1.000000000000000000e+00 1.000000000000000000e+00 6.909887476870000267e-01 1.000000000000000000e+00 1.000000000000000000e+00 1.000000000000000000e+00 9.999999999980000442e-01
6.131337996019999718e-19 1.660396030150000042e-71 1.000000000000000000e+00 2.543218979690000127e-31 1.464588129210000011e-07 2.119640085559999890e-75 1.000000000000000000e+00 1.000000000000000000e+00 1.310969313080000013e-52 1.639873552789999872e-27
7.728848394710000505e-57 1.000000000000000000e+00 1.000000000000000000e+00 1.000000000000000000e+00 1.461665863699999925e-15 1.000000000000000000e+00 1.000000000000000000e+00 1.000000000000000000e+00 7.216779689199999897e-43 1.000000000000000000e+00
1.000000000000000000e+00 1.540662496209999850e-17 1.000000000000000000e+00 1.000000000000000000e+00 9.999999996609999497e-01 2.012894742149999889e-22 1.000000000000000000e+00 4.367833255479999600e-65 8.816577140490000796e-25 1.000000000000000000e+00
1.000000000000000000e+00 1.000000000000000000e+00 4.552629238129999973e-55 1.000000000000000000e+00 1.000000000000000000e+00 1.000000000000000000e+00 6.724014850050000131e-36 1.000000000000000000e+00 1.000000000000000000e+00 1.000000000000000000e+00
6.181240633889999871e-28 2.768844652219999978e-38 2.307736623970000030e-25 9.999999999559999742e-01 1.928629475550000078e-54 2.375413925159999886e-31 2.846161877239999890e-37 7.273465727170000154e-65 1.000000000000000000e+00 1.000000000000000000e+00
1.000000000000000000e+00 1.000000000000000000e+00 1.000000000000000000e+00 4.049164785119999740e-20 2.659671479580000017e-15 1.000000000000000000e+00 1.000000000000000000e+00 7.876061140380000004e-40 1.000000000000000000e+00 2.563170750789999894e-17
1.889503718200000092e-47 1.187238443680000016e-28 6.783246191390000065e-62 9.999999740820000316e-01 1.000000000000000000e+00 1.076799648550000001e-29 6.240383147089999841e-47 1.000000000000000000e+00 6.653436506439999978e-79 9.999922900540000326e-01
