1.244276011909999988e-15 4.117751248649999890e-53 1.000000000000000000e+00 9.999983755069999924e-01 1.550141840450000036e-44 2.013906167250000015e-39 1.000000000000000000e+00 2.387615786229999946e-28 3.881783589630000221e-40 1.000000000000000000e+00
2.823287872530000143e-24 1.000000000000000000e+00 9.999999746679999468e-01 1.000000000000000000e+00 1.000000000000000000e+00 1.000000000000000000e+00 5.695110727059999984e-12 1.000000000000000000e+00 3.039279876730000013e-71 1.000000000000000000e+00
3.257951364250000162e-30 1.459723774619999994e-68 1.000000000000000000e+00 4.061900432409999958e-34 1.000000000000000000e+00 6.150046556359999687e-55 1.000000000000000000e+00 1.000000000000000000e+00 9.589378952199999473e-01 1.032324308209999959e-49
1.000000000000000000e+00 2.369693638760000171e-31 1.000000000000000000e+00 1.562161302270000092e-29 8.292566584039999745e-22 2.071211281490000058e-22 1.000000000000000000e+00 1.163724312510000008e-13 1.000000000000000000e+00 1.211240452860000100e-47
1.000000000000000000e+00 1.000000000000000000e+00 1.000000000000000000e+00 1.000000000000000000e+00 1.000000000000000000e+00 1.000000000000000000e+00 1.000000000000000000e+00 1.000000000000000000e+00 9.999999999990000221e-01 1.000000000000000000e+00
1.000000000000000000e+00 1.221094473570000097e-72 3.046462886010000218e-39 1.000000000000000000e+00 1.000000000000000000e+00 3.034845675579999824e-45 4.861395884129999728e-29 1.000000000000000000e+00 9.999999999990000221e-01 1.000000000000000000e+00
1.874585571290000046e-17 1.000000000000000000e+00 1.224899641580000079e-27 1.041179693240000021e-22 1.000000000000000000e+00 1.000000000000000000e+00 1.203480604399999896e-28 1.000000000000000000e+00 3.432892204329999775e-22 1.929694407350000175e-40
2.263953596560000159e-46 1.977197711319999983e-59 1.098505075619999975e-63 9.999639103270000495e-01 1.249469774630000044e-30 1.042119150299999938e-51 9.736908032860000343e-48 4.751839907690000183e-24 3.009984977200000040e-12 1.000000000000000000e+00
1.000000000000000000e+00 1.000000000000000000e+00 1.562841518270000074e-36 7.208502346280000092e-11 1.230098450660000061e-28 1.000000000000000000e+00 2.726225203680000041e-37 1.404402003819999961e-28 1.262299923440000085e-22 5.793681018000000345e-23
1.000000000000000000e+00 1.000000000000000000e+00 9.999988548670000199e-01 1.000000000000000000e+00 2.540342270249999770e-50 1.000000000000000000e+00 9.999999999949999996e-01 1.179249261249999960e-37 1.000000000000000000e+00 1.000000000000000000e+00
