1.000000000000000000e+00 1.000000000000000000e+00 1.000000000000000000e+00 9.057258304299999896e-01 1.000000000000000000e+00 1.000000000000000000e+00 1.000000000000000000e+00 1.000000000000000000e+00 6.013201227260000313e-79 1.000000000000000000e+00
5.406747415530000365e-06 3.981715714650000170e-53 3.959168219780000098e-56 1.000000000000000000e+00 4.624970480489999902e-30 3.806264340279999856e-56 4.908532567310000250e-09 1.902734031939999989e-47 1.000000000000000000e+00 9.896473875910000162e-01
8.899921942570000195e-41 1.000000000000000000e+00 2.470092648880000130e-01 2.567250354809999844e-14 3.891166830790000035e-45 1.000000000000000000e+00 1.366123210940000072e-42 2.733159292029999895e-18 3.630292363340000000e-34 1.503107729589999946e-49
1.193821666790000032e-11 1.000000000000000000e+00 1.000000000000000000e+00 1.000000000000000000e+00 1.000000000000000000e+00 9.048837331760000158e-01 1.832781457059999964e-39 1.000000000000000000e+00 1.000000000000000000e+00 3.238989197900000238e-10
1.000000000000000000e+00 1.000000000000000000e+00 1.000000000000000000e+00 4.955039186790000341e-31 1.000000000000000000e+00 9.999999999980000442e-01 1.000000000000000000e+00 4.462819550669999979e-58 1.000000000000000000e+00 1.000000000000000000e+00
1.000000000000000000e+00 1.000000000000000000e+00 1.000000000000000000e+00 1.000000000000000000e+00 2.569796819540000106e-52 1.000000000000000000e+00 1.000000000000000000e+00 1.000000000000000000e+00 1.000000000000000000e+00 9.999999998959999692e-01
1.072258176939999926e-20 5.381023625190000466e-26 1.014099235929999990e-32 1.277150887400000059e-45 1.000000000000000000e+00 6.703747678299999866e-40 2.441009155129999861e-18 1.000000000000000000e+00 1.000000000000000000e+00 1.659906222960000054e-26
3.037732643930000027e-25 1.253087436430000100e-40 1.000000000000000000e+00 1.000000000000000000e+00 1.000000000000000000e+00 1.000000000000000000e+00 1.601854108669999932e-27 8.162698197930000112e-52 2.782910053629999857e-38 4.069512252290000260e-36
1.000000000000000000e+00 1.000000000000000000e+00 1.166862005239999922e-115 1.000000000000000000e+00 1.000000000000000000e+00 5.892470919239999819e-263 1.000000000000000000e+00 1.000000000000000000e+00 4.369973099099999794e-51 1.000000000000000000e+00
1.000000000000000000e+00 9.549552307619999537e-55 4.031208312900000130e-20 2.351245485600000055e-33 5.247201045119999938e-19 2.095579318989999915e-13 1.000000000000000000e+00 3.416352593010000200e-25 1.339899391729999960e-57 1.000000000000000000e+00
