1.687698488930000072e-09 2.845690265269999827e-40 1.847965548680000123e-61 1.000000000000000000e+00 1.000000000000000000e+00 4.654674674590000285e-11 2.514873690420000146e-68 1.000000000000000000e+00 1.360633585519999899e-29 6.643978596630000098e-24
1.000000000000000000e+00 5.908958715869999656e-01 1.000000000000000000e+00 1.000000000000000000e+00 1.000000000000000000e+00 1.000000000000000000e+00 1.000000000000000000e+00 1.000000000000000000e+00 1.000000000000000000e+00 1.000000000000000000e+00
4.350073860619999946e-72 1.000000000000000000e+00 1.000000000000000000e+00 1.000000000000000000e+00 1.000000000000000000e+00 1.969012746300000054e-58 1.000000000000000000e+00 1.000000000000000000e+00 1.365730460129999936e-11 1.000000000000000000e+00
1.000000000000000000e+00 4.811285799370000123e-48 1.000000000000000000e+00 1.000000000000000000e+00 2.296840025409999823e-27 1.000000000000000000e+00 1.000000000000000000e+00 3.238387250759999863e-20 1.693037680880000046e-16 1.000000000000000000e+00
1.000000000000000000e+00 1.000000000000000000e+00 1.000000000000000000e+00 1.000000000000000000e+00 1.785788642130000007e-38 1.000000000000000000e+00 1.000000000000000000e+00 4.656387058600000286e-21 1.000000000000000000e+00 3.691797267489999887e-44
1.000000000000000000e+00 3.514595982609999836e-01 1.000000000000000000e+00 2.318255194459999842e-164 8.890678597279999903e-06 1.000000000000000000e+00 1.428027724469999871e-01 9.999999979420000074e-01 1.000000000000000000e+00 1.000000000000000000e+00
5.040796102700000240e-10 9.999999999990000221e-01 3.223435586899999702e-48 7.979595444750000080e-60 1.000000000000000000e+00 7.667271598270000374e-08 1.207976583079999976e-41 1.000000000000000000e+00 1.000000000000000000e+00 3.230422443089999789e-72
3.362604956290000156e-54 6.192565802779999698e-43 2.414256563470000176e-22 1.000000000000000000e+00 1.771602618179999876e-20 9.128116095320000525e-46 2.141131756639999999e-24 1.821810613770000043e-26 1.000000000000000000e+00 4.376651574070000161e-01
4.014894292599999842e-45 2.716202958990000132e-52 9.999998678239999661e-01 1.074498850310000002e-201 1.000000000000000000e+00 1.080165843179999989e-41 1.681663156079999943e-01 1.000000000000000000e+00 3.244812149630000222e-17 1.000000000000000000e+00
9.990225800669999545e-01 1.000000000000000000e+00 2.413174137749999930e-29 1.128112962780000067e-73 1.273543138719999940e-36 9.994111973970000173e-01 3.455833237539999847e-28 1.153502609299999928e-23 1.210866901579999981e-33 5.539746584199999729e-34
