2.996034891289999780e-01 1.000000000000000000e+00 8.118633732010000307e-38 4.060813106680000069e-46 1.000000000000000000e+00 1.000000000000000000e+00 1.111134447089999927e-11 2.025430556060000067e-35 1.000000000000000000e+00 9.502754532019999916e-33
1.323924885299999861e-85 1.000000000000000000e+00 1.000000000000000000e+00 9.442387790049999730e-01 1.000000000000000000e+00 1.000000000000000000e+00 4.831911254670000162e-60 1.000000000000000000e+00 1.000000000000000000e+00 9.999999995949999665e-01
3.038878102470000022e-47 2.122227803829999899e-06 4.226438522900000152e-29 4.759081301750000215e-39 4.854425528759999682e-66 1.000000000000000000e+00 1.199413038860000000e-47 2.950837429980000047e-25 6.241991349240000283e-45 3.298207518719999927e-25
2.241560464969999944e-01 1.000000000000000000e+00 9.999011762139999870e-01 1.000000000000000000e+00 2.065295718019999951e-47 1.548599222299999843e-70 8.635357945539999802e-01 6.390356921679999891e-39 1.000000000000000000e+00 4.185741923140000078e-10
1.000000000000000000e+00 1.000000000000000000e+00 1.000000000000000000e+00 1.000000000000000000e+00 1.000000000000000000e+00 1.000000000000000000e+00 1.000000000000000000e+00 9.999986813000000252e-01 6.516788679209999594e-106 9.999995931509999547e-01
1.793189103389999941e-64 8.365581964030000783e-56 5.447786407319999912e-63 1.000000000000000000e+00 1.064988481870000071e-51 9.968819625029999854e-01 2.777063017510000062e-53 1.000000000000000000e+00 1.000000000000000000e+00 1.000000000000000000e+00
1.000000000000000000e+00 1.000000000000000000e+00 3.051475566750000051e-58 3.461081257429999836e-01 1.000000000000000000e+00 5.198154093020000066e-42 1.000000000000000000e+00 1.000000000000000000e+00 1.000000000000000000e+00 9.999999998969999471e-01
1.000000000000000000e+00 1.607380795850000055e-23 1.000000000000000000e+00 1.297658675880000007e-14 9.678408878250000669e-44 1.000000000000000000e+00 1.000000000000000000e+00 8.237760658960000537e-01 1.000000000000000000e+00 1.000000000000000000e+00
1.000000000000000000e+00 3.169146380779999947e-50 7.362275151049999796e-20 1.000000000000000000e+00 1.000000000000000000e+00 1.365130685310000096e-31 1.000000000000000000e+00 3.015342187139999839e-44 2.833360940889999837e-85 1.000000000000000000e+00
4.287719055769999830e-20 3.845521385620000208e-35 1.000000000000000000e+00 1.360176183920000052e-38 1.000000000000000000e+00 3.103602721679999765e-67 3.799570261620000025e-23 1.000000000000000000e+00 4.880852668149999828e-44 1.958966283280000087e-35
