1.309111380199999967e-36 1.000000000000000000e+00 1.000000000000000000e+00 1.256073921280000042e-23 1.000000000000000000e+00 1.000000000000000000e+00 1.485510341289999889e-25 1.000000000000000000e+00 1.000000000000000000e+00 2.078881887910000099e-45
8.447355226869999855e-27 1.000000000000000000e+00 1.000000000000000000e+00 1.000000000000000000e+00 3.755791292640000255e-17 3.949078625480000174e-19 6.031159611450000191e-47 1.067666809930000018e-18 1.000000000000000000e+00 9.999876370829999805e-01
1.000000000000000000e+00 3.603269776049999873e-02 2.070647060789999930e-116 3.737448693199999848e-18 1.000000000000000000e+00 1.000000000000000000e+00 1.000000000000000000e+00 1.000000000000000000e+00 9.999998704960000317e-01 1.000000000000000000e+00
9.926218246060000139e-01 1.000000000000000000e+00 1.000000000000000000e+00 1.000000000000000000e+00 9.935716274870000086e-01 1.000000000000000000e+00 1.000000000000000000e+00 1.000000000000000000e+00 9.999999999969999553e-01 9.984132696540000129e-01
9.999999999990000221e-01 1.000000000000000000e+00 4.288996601490000091e-98 9.870290428310000141e-01 2.736382289470000065e-39 3.656831883080000187e-47 3.671855383409999840e-01 9.463899115079999445e-23 1.000000000000000000e+00 1.000000000000000000e+00
3.835286045579999730e-08 1.363522324119999961e-63 2.276123830729999874e-36 1.000000000000000000e+00 1.000000000000000000e+00 1.000000000000000000e+00 1.733656467479999881e-29 9.999999999969999553e-01 3.606403371930000207e-58 1.000000000000000000e+00
1.631850931090000095e-26 2.718196290850000059e-27 1.289943999430000116e-63 1.236646231159999945e-36 8.103844977249999871e-17 9.347868262160000492e-21 1.997145247790000135e-17 6.263585143330000338e-30 1.994804900339999828e-30 4.081492543679999732e-36
1.000000000000000000e+00 1.549729206170000013e-71 1.000000000000000000e+00 1.000000000000000000e+00 4.155408312659999770e-17 2.013738812049999867e-18 1.000000000000000000e+00 2.093217347020000181e-12 2.075558587909999934e-67 1.000000000000000000e+00
1.000000000000000000e+00 1.000000000000000000e+00 1.000000000000000000e+00 5.761926514950000213e-27 1.000000000000000000e+00 1.000000000000000000e+00 1.000000000000000000e+00 1.224863841169999957e-30 1.000000000000000000e+00 1.000000000000000000e+00
1.721670320889999903e-09 2.264086053249999964e-32 1.000000000000000000e+00 8.823645726209999903e-49 2.400360968520000043e-24 2.780983767759999888e-23 1.000000000000000000e+00 9.999787301070000023e-01 8.450030333359999859e-32 4.348970862930000018e-46
