7.008604830509999852e-24 1.000000000000000000e+00 6.229536232600000334e-01 1.000000000000000000e+00 1.809944193760000038e-38 5.418249512510000148e-19 9.347043676299999486e-17 2.099629373729999944e-19 1.000000000000000000e+00 1.000000000000000000e+00
4.341162721000000435e-22 1.292881523660000140e-57 1.424307362249999995e-25 1.000000000000000000e+00 1.000000000000000000e+00 1.000000000000000000e+00 3.590383530720000234e-19 1.000000000000000000e+00 7.260557247449999666e-50 1.000000000000000000e+00
9.999999853509999870e-01 2.659098768599999837e-114 1.000000000000000000e+00 1.000000000000000000e+00 3.399510431220000034e-102 1.000000000000000000e+00 9.999849078939999636e-01 1.000000000000000000e+00 1.000000000000000000e+00 1.000000000000000000e+00
1.000000000000000000e+00 1.000000000000000000e+00 1.000000000000000000e+00 3.084327075509999984e-19 2.952735212090000125e-107 9.999999804089999556e-01 9.999956797060000069e-01 4.796075662839999892e-02 4.605737628679999912e-10 3.137144341180000133e-62
9.999999999990000221e-01 1.000000000000000000e+00 1.000000000000000000e+00 1.000000000000000000e+00 1.000000000000000000e+00 1.000000000000000000e+00 1.000000000000000000e+00 1.000000000000000000e+00 1.000000000000000000e+00 1.000000000000000000e+00
3.194536469290000066e-06 1.000000000000000000e+00 1.089979682940000069e-29 1.906016648639999842e-30 1.035365785789999933e-32 3.828418201630000121e-32 2.657911245260000075e-12 1.555098142160000011e-21 2.274825940380000052e-57 2.915086666680000002e-64
4.565020470839999689e-16 1.428885845769999947e-92 1.155415119810000024e-64 8.741668697339999501e-25 5.978490022870000183e-59 1.392198728930000045e-25 1.000000000000000000e+00 2.964317285290000086e-25 1.000000000000000000e+00 5.430314547390000125e-18
5.041712076709999586e-28 1.000000000000000000e+00 1.000000000000000000e+00 9.103705127179999960e-30 1.000000000000000000e+00 1.000000000000000000e+00 5.717286488959999803e-15 9.999999886499999491e-01 1.000000000000000000e+00 4.789109419650000291e-71
1.000000000000000000e+00 1.000000000000000000e+00 8.072180348839999783e-293 1.000000000000000000e+00 1.000000000000000000e+00 1.000000000000000000e+00 1.000000000000000000e+00 1.000000000000000000e+00 9.999998961120000196e-01 1.000000000000000000e+00
1.000000000000000000e+00 3.660587772520000070e-46 1.000000000000000000e+00 6.595369341129999901e-17 1.000000000000000000e+00 1.491421068539999944e-45 9.999999999969999553e-01 1.377658719129999964e-36 3.953787559470000309e-27 9.999999999680000418e-01
