1.000000000000000000e+00 1.000000000000000000e+00 1.000000000000000000e+00 8.231132269020000436e-42 2.134552479100000053e-48 1.000000000000000000e+00 1.000000000000000000e+00 4.571232861219999533e-13 1.000000000000000000e+00 1.000000000000000000e+00
1.826655420160000088e-28 1.392995957009999929e-15 1.536185507430000073e-15 1.000000000000000000e+00 1.654376795669999944e-52 8.887155126150000125e-24 2.715460563810000149e-32 1.597287110800000025e-27 2.085290596550000037e-06 1.000000000000000000e+00
1.746399106029999965e-31 1.000000000000000000e+00 1.220678747610000037e-263 2.875616208769999933e-28 1.000000000000000000e+00 9.996627892530000059e-01 1.688797110049999872e-08 1.000000000000000000e+00 3.343634582129999892e-13 2.475407447759999976e-45
3.374239585300000028e-47 4.302778185759999746e-28 3.082634843589999841e-52 1.000000000000000000e+00 9.999999632039999753e-01 1.000000000000000000e+00 1.000000000000000000e+00 1.000000000000000000e+00 1.492045139190000071e-36 1.000000000000000000e+00
1.073451138260000103e-22 1.769001983260000113e-22 1.000000000000000000e+00 3.210685602830000152e-01 1.329376213410000019e-30 1.000000000000000000e+00 1.000000000000000000e+00 5.266124036280000170e-13 1.000000000000000000e+00 2.100999042230000127e-79
2.161788165079999830e-33 1.000000000000000000e+00 1.000000000000000000e+00 7.081354773820000007e-27 1.000000000000000000e+00 2.257347589879999950e-01 2.181861016149999883e-17 1.000000000000000000e+00 3.036179106479999930e-50 1.464066370679999892e-31
1.000000000000000000e+00 1.303970414760000085e-01 1.000000000000000000e+00 1.000000000000000000e+00 1.000000000000000000e+00 6.459634345190000381e-46 1.465614738590000053e-54 2.250776253229999982e-11 1.000000000000000000e+00 8.560794183350000086e-01
9.999999997299999777e-01 1.000000000000000000e+00 5.369305761029999750e-104 1.000000000000000000e+00 1.000000000000000000e+00 8.596186265830000825e-03 9.999999343190000278e-01 1.000000000000000000e+00 1.000000000000000000e+00 9.342112328060000470e-01
1.000000000000000000e+00 6.753647206819999731e-37 9.009544063410000531e-32 8.773084445140000033e-38 3.184232064019999670e-33 1.330047857109999942e-18 6.468577638449999802e-18 2.103485462099999986e-29 1.336190825979999892e-29 1.265374365950000047e-39
1.000000000000000000e+00 1.000000000000000000e+00 1.000000000000000000e+00 1.000000000000000000e+00 1.000000000000000000e+00 1.000000000000000000e+00 1.000000000000000000e+00 1.000000000000000000e+00 3.086237329009999943e-56 8.419313277350000124e-01
