9.999999999959999775e-01 1.000000000000000000e+00 2.647889311479999975e-20 1.000000000000000000e+00 1.000000000000000000e+00 7.117199742849999856e-33 3.494394760169999836e-01 9.999993503090000013e-01 1.000000000000000000e+00 1.000000000000000000e+00
2.375182847860000078e-03 1.000000000000000000e+00 1.000000000000000000e+00 8.764737120899999544e-71 9.999999999909999771e-01 1.000000000000000000e+00 1.000000000000000000e+00 8.640459410819999960e-24 1.000000000000000000e+00 2.038624789869999982e-56
1.000000000000000000e+00 1.000000000000000000e+00 1.000000000000000000e+00 1.000000000000000000e+00 1.000000000000000000e+00 1.000000000000000000e+00 1.000000000000000000e+00 1.000000000000000000e+00 1.097863760779999940e-23 1.000000000000000000e+00
9.999999999209999713e-01 7.858375328779999906e-06 1.000000000000000000e+00 1.000000000000000000e+00 1.637843420099999933e-42 6.486799060869999911e-01 1.000000000000000000e+00 7.864270768000000689e-02 1.000000000000000000e+00 1.000000000000000000e+00
9.999999998030000281e-01 9.999999998120000511e-01 4.059512835290000274e-58 1.079011098219999927e-31 1.000000000000000000e+00 1.000000000000000000e+00 1.970054878279999998e-66 9.999999677169999490e-01 1.000000000000000000e+00 2.086517759249999803e-15
1.000000000000000000e+00 2.431123086730000000e-26 1.000000000000000000e+00 1.512542137560000103e-95 2.512044823240000122e-37 1.000000000000000000e+00 1.285315098189999988e-24 9.999999999719999533e-01 2.211699248809999922e-44 3.522300739679999966e-32
2.056638885029999928e-47 2.746857078930000188e-56 1.384243338700000020e-40 1.000000000000000000e+00 1.023954598169999999e-07 2.045465763599999982e-42 9.279218747369999476e-51 2.011262702490000013e-47 1.136381884659999995e-17 7.398570356949999765e-09
9.990609954179999752e-01 1.000000000000000000e+00 1.052581271130000022e-14 3.201748473390000110e-50 1.374823942520000109e-47 7.112519221509999834e-26 1.715772160089999900e-12 5.729004595640000419e-01 3.711160549099999861e-26 4.282210672359999965e-16
4.805306805579999946e-24 3.202924181580000030e-41 1.000000000000000000e+00 5.873976899020000142e-34 1.000000000000000000e+00 6.514354444939999673e-37 1.000000000000000000e+00 7.620956237649999521e-01 1.141450509029999941e-33 3.531942607469999803e-11
9.999766461360000136e-01 5.732893406619999810e-17 3.719195972849999957e-58 1.000000000000000000e+00 2.175763965859999856e-17 1.000000000000000000e+00 1.554468638739999942e-29 1.000000000000000000e+00 1.442888524989999975e-18 1.000000000000000000e+00
