1.000000000000000000e+00 1.000000000000000000e+00 1.000000000000000000e+00 6.862401255269999627e-13 1.000000000000000000e+00 1.000000000000000000e+00 1.000000000000000000e+00 7.128945461910000438e-39 1.000000000000000000e+00 4.380884697430000053e-59
9.284235795460000010e-04 7.263846853489999482e-61 1.918384024869999918e-55 1.358203482949999986e-29 6.344261606779999859e-59 1.453546497670000061e-09 4.372728461379999964e-11 7.589607631799999928e-41 3.649198826990000009e-19 2.207238260260000030e-46
1.135517921270000031e-39 5.704503040159999915e-147 9.682311561690000582e-55 1.000000000000000000e+00 1.451355924600000115e-165 1.000000000000000000e+00 9.850606824000000289e-50 6.156335784140000156e-01 1.000000000000000000e+00 9.999999857000000381e-01
1.000000000000000000e+00 4.964450661659999901e-87 1.000000000000000000e+00 1.000000000000000000e+00 2.576059078019999789e-84 3.770553597199999922e-41 1.000000000000000000e+00 3.472194798020000321e-36 1.802528043449999895e-01 4.170951004079999841e-41
1.183485471149999920e-52 1.000000000000000000e+00 9.999947175169999758e-01 1.854416934439999982e-43 1.000000000000000000e+00 1.000000000000000000e+00 2.696065867650000051e-43 1.000000000000000000e+00 3.418137995529999996e-27 1.515870831350000017e-02
5.093189023560000282e-25 1.000000000000000000e+00 3.131864259210000017e-43 2.786580890009999756e-01 1.000000000000000000e+00 6.125502909860000430e-101 2.417153360159999965e-29 1.000000000000000000e+00 6.187063992820000394e-26 1.000000000000000000e+00
1.000000000000000000e+00 1.000000000000000000e+00 1.000000000000000000e+00 1.000000000000000000e+00 1.000000000000000000e+00 1.000000000000000000e+00 1.000000000000000000e+00 1.000000000000000000e+00 2.083545488869999890e-49 9.999367854070000394e-01
1.000000000000000000e+00 1.000000000000000000e+00 3.648999703620000176e-18 9.999999999980000442e-01 1.000000000000000000e+00 5.901030295149999582e-54 1.000000000000000000e+00 1.000000000000000000e+00 1.000000000000000000e+00 1.000000000000000000e+00
1.000000000000000000e+00 1.325200610310000097e-96 1.000000000000000000e+00 8.399948804469999693e-04 1.302979024860000103e-109 1.000000000000000000e+00 1.000000000000000000e+00 1.000000000000000000e+00 9.999990510909999575e-01 1.000000000000000000e+00
2.786281375060000119e-29 1.000000000000000000e+00 2.648902901959999935e-55 1.000000000000000000e+00 1.000000000000000000e+00 1.000000000000000000e+00 2.237139141539999981e-44 1.453177406180000031e-22 1.000000000000000000e+00 2.961432925589999948e-30
