1.000000000000000000e+00 3.838481419619999995e-22 1.000000000000000000e+00 1.000000000000000000e+00 1.179516163390000058e-16 1.516214504190000005e-26 1.000000000000000000e+00 4.010122598420000134e-64 6.753405938579999745e-40 1.000000000000000000e+00
1.000000000000000000e+00 1.000000000000000000e+00 1.000000000000000000e+00 1.000000000000000000e+00 1.000000000000000000e+00 1.000000000000000000e+00 1.000000000000000000e+00 1.000000000000000000e+00 1.076465839929999970e-50 1.000000000000000000e+00
9.999999666659999953e-01 8.223350053170000694e-30 1.000000000000000000e+00 1.000000000000000000e+00 1.724940755760000086e-29 1.656232024020000058e-27 1.000000000000000000e+00 1.000000000000000000e+00 6.222670045930000279e-18 6.626437321320000038e-158
1.585683573910000046e-27 4.102642277700000198e-39 6.980269188760000487e-26 9.154999909649999398e-72 1.000000000000000000e+00 1.701874184960000040e-47 6.699248451139999781e-27 1.000000000000000000e+00 5.179083356420000062e-02 1.024047667060000003e-23
6.434509707889999626e-58 3.114189698360000068e-25 1.115486154249999936e-45 1.000000000000000000e+00 3.129271887399999947e-26 4.191959863650000037e-26 1.032729349519999988e-53 2.125099591980000066e-23 1.000000000000000000e+00 1.000000000000000000e+00
1.000000000000000000e+00 1.000000000000000000e+00 1.000000000000000000e+00 2.805768704740000203e-51 1.169042539699999966e-01 1.000000000000000000e+00 1.000000000000000000e+00 9.282154737879999562e-01 1.000000000000000000e+00 1.000000000000000000e+00
1.666891347519999988e-12 1.000000000000000000e+00 2.125562295069999972e-23 1.000000000000000000e+00 1.000000000000000000e+00 1.000000000000000000e+00 3.565008161700000087e-20 9.986695649619999893e-01 1.000000000000000000e+00 8.466793487680000160e-62
1.000000000000000000e+00 9.999999891680000363e-01 1.000000000000000000e+00 1.435163326219999985e-52 2.543334358720000243e-01 5.511696125670000335e-01 1.000000000000000000e+00 4.205439633719999729e-82 9.471581135710000476e-37 2.156654660819999902e-100
1.000000000000000000e+00 5.737991400109999946e-33 2.244489424650000092e-02 1.000000000000000000e+00 1.000000000000000000e+00 2.651225873140000089e-44 1.000000000000000000e+00 1.000000000000000000e+00 1.000000000000000000e+00 1.000000000000000000e+00
9.150366849109999596e-19 1.000000000000000000e+00 1.460701403379999962e-40 2.000019512439999826e-15 2.098150574609999874e-02 1.000000000000000000e+00 1.441545824790000062e-39 1.602017365910000019e-50 1.010985578570000057e-31 1.000000000000000000e+00
