1.000000000000000000e+00 8.757061138079999370e-21 9.815216200259999635e-01 1.000000000000000000e+00 5.221500030729999815e-58 1.289724762249999911e-28 9.999999999990000221e-01 2.593122910759999991e-61 1.160468292979999958e-29 1.000000000000000000e+00
1.000000000000000000e+00 1.000000000000000000e+00 2.131210500899999860e-11 7.732430004150000496e-36 6.688345695319999745e-41 1.000000000000000000e+00 8.003590711940000209e-53 5.955446327190000349e-22 1.000000000000000000e+00 1.000000000000000000e+00
1.000000000000000000e+00 3.298053702370000063e-99 1.000000000000000000e+00 9.890370093079999814e-01 1.000000000000000000e+00 1.000000000000000000e+00 9.397412448819999486e-01 1.000000000000000000e+00 5.996742645660000488e-13 1.000000000000000000e+00
1.000000000000000000e+00 1.000000000000000000e+00 2.490927514139999875e-41 1.000000000000000000e+00 1.000000000000000000e+00 2.680545874949999970e-27 1.000000000000000000e+00 1.000000000000000000e+00 1.000000000000000000e+00 1.000000000000000000e+00
1.896365980480000109e-25 4.386178551159999821e-17 8.098667787989999322e-61 1.805637536580000058e-51 2.525337969539999903e-21 4.876498114329999679e-71 1.630978650640000016e-28 3.077717167659999911e-11 4.840111746529999759e-01 4.568346977129999676e-25
1.000000000000000000e+00 1.000000000000000000e+00 1.000000000000000000e+00 1.000000000000000000e+00 1.000000000000000000e+00 1.000000000000000000e+00 1.000000000000000000e+00 1.000000000000000000e+00 1.000000000000000000e+00 1.000000000000000000e+00
9.419036097599999406e-08 1.000000000000000000e+00 1.000000000000000000e+00 7.802426367750000061e-12 2.872604989310000199e-23 8.519932506070000493e-05 6.125969463039999509e-60 7.519412183000000194e-03 1.000000000000000000e+00 7.674282890379999285e-12
7.935050260979999924e-32 1.000000000000000000e+00 8.361221734999999355e-09 1.300443109400000017e-43 1.000000000000000000e+00 1.000000000000000000e+00 1.000000000000000000e+00 1.000000000000000000e+00 1.000000000000000000e+00 1.014987191310000001e-32
2.424466054709999947e-35 2.424829883220000047e-59 1.311621935779999940e-28 1.000000000000000000e+00 1.000000000000000000e+00 1.000000000000000000e+00 1.356489296929999985e-23 1.000000000000000000e+00 1.696745506829999918e-32 1.640662375140000006e-31
1.067638647520000017e-08 8.817354139950000441e-09 1.000000000000000000e+00 5.661230791450000110e-80 1.000000000000000000e+00 6.209013919820000133e-50 1.000000000000000000e+00 1.000000000000000000e+00 1.884000803089999929e-12 3.568460237010000000e-16
