2.092211400349999904e-10 2.782577814400000083e-08 1.921854302330000164e-36 5.986390810459999949e-41 1.705535283820000023e-35 1.913017242440000161e-74 9.968746918180000360e-01 2.435002008119999871e-12 1.724640023550000009e-40 1.000000000000000000e+00
1.000000000000000000e+00 1.000000000000000000e+00 1.271367989260000001e-21 1.000000000000000000e+00 1.000000000000000000e+00 2.542055588880000123e-23 9.115213728840000640e-02 1.000000000000000000e+00 9.884924995980000073e-01 3.103188289550000149e-39
1.000000000000000000e+00 1.000000000000000000e+00 1.000000000000000000e+00 1.000000000000000000e+00 1.000000000000000000e+00 1.000000000000000000e+00 1.000000000000000000e+00 1.000000000000000000e+00 8.951743599500000396e-10 1.000000000000000000e+00
2.309381584170000150e-24 9.991494943689999210e-12 1.000000000000000000e+00 1.000000000000000000e+00 1.000000000000000000e+00 1.000000000000000000e+00 9.999999990960000140e-01 2.016657356869999978e-30 1.000000000000000000e+00 6.229742772530000409e-41
2.299171741829999979e-38 1.695188958590000103e-47 2.439155696540000222e-16 1.000000000000000000e+00 1.000000000000000000e+00 9.999996068030000407e-01 8.280914585680000337e-27 3.762585564940000208e-25 2.539136822590000176e-58 1.000000000000000000e+00
1.000000000000000000e+00 1.000000000000000000e+00 5.015334222260000277e-07 1.217799923519999996e-28 2.458842624620000119e-22 9.999999994049999508e-01 3.598715634109999762e-27 9.064182529109999576e-04 5.174832826070000221e-60 2.376955138490000124e-36
1.000000000000000000e+00 1.000000000000000000e+00 1.190172000610000107e-25 1.000000000000000000e+00 1.000000000000000000e+00 1.143827986900000092e-65 1.000000000000000000e+00 1.000000000000000000e+00 8.688477051930000306e-01 1.000000000000000000e+00
1.951343773159999995e-82 5.021775366039999684e-75 1.650147314760000115e-30 9.795342122989999512e-01 3.944764136889999939e-01 4.119746373169999831e-60 1.244867935829999973e-02 4.891178626370000112e-46 1.000000000000000000e+00 1.552352658340000049e-40
1.000000000000000000e+00 7.755158417859999709e-01 1.000000000000000000e+00 4.384753338050000366e-53 5.899728307699999996e-50 1.000000000000000000e+00 9.999999978910000253e-01 1.000000000000000000e+00 1.000000000000000000e+00 9.999997790210000126e-01
1.270015993960000067e-56 1.445214474650000024e-28 1.000000000000000000e+00 1.264332668860000035e-22 7.974397982420000370e-16 1.000000000000000000e+00 1.000000000000000000e+00 1.624388230140000017e-77 1.000000000000000000e+00 1.000000000000000000e+00
