2.490493651809999945e-03 1.000000000000000000e+00 2.199254583799999976e-44 1.000000000000000000e+00 9.999999811680000406e-01 8.735812864230000363e-01 1.066713367759999940e-49 1.000000000000000000e+00 1.000000000000000000e+00 5.390093256300000019e-17
1.000000000000000000e+00 1.000000000000000000e+00 2.379529934959999935e-41 2.524571287190000142e-40 9.999998426120000339e-01 1.000000000000000000e+00 1.279495559579999985e-38 3.792222227000000066e-57 4.693772510520000133e-49 4.062126851450000318e-24
1.000000000000000000e+00 1.000000000000000000e+00 1.000000000000000000e+00 1.000000000000000000e+00 1.000000000000000000e+00 1.000000000000000000e+00 1.000000000000000000e+00 1.000000000000000000e+00 1.000000000000000000e+00 1.000000000000000000e+00
7.163947114480000156e-02 1.792944883989999857e-76 1.695509198540000034e-68 1.000000000000000000e+00 1.000000000000000000e+00 9.999979540079999563e-01 5.126001634849999834e-76 1.000000000000000000e+00 9.934829920260000958e-47 9.705958925750000077e-01
6.633454852389999989e-02 1.201944241239999966e-36 8.155932100429999714e-51 1.793277715209999995e-19 6.301861606359999824e-34 7.936057761569999962e-11 2.649093037140000190e-56 9.180686023020000529e-25 1.000000000000000000e+00 2.887769745229999801e-19
1.000000000000000000e+00 1.068278419070000062e-102 1.000000000000000000e+00 1.000000000000000000e+00 9.999999999990000221e-01 1.000000000000000000e+00 1.000000000000000000e+00 1.000000000000000000e+00 1.000000000000000000e+00 1.000000000000000000e+00
3.645059375960000155e-18 1.000000000000000000e+00 1.000000000000000000e+00 1.275496846570000128e-07 2.695222968909999770e-13 4.892902625720000028e-36 1.000000000000000000e+00 4.728242991110000131e-14 1.000000000000000000e+00 9.999999999119999483e-01
1.000000000000000000e+00 1.000000000000000000e+00 1.000000000000000000e+00 9.950008626959999658e-01 1.596530328450000121e-67 1.000000000000000000e+00 1.000000000000000000e+00 2.168521777860000151e-09 2.720536976439999800e-68 1.000000000000000000e+00
4.032123579950000033e-26 3.411549164140000189e-19 1.000000000000000000e+00 7.229915518289999390e-08 1.000000000000000000e+00 3.848781312769999693e-36 1.000000000000000000e+00 9.999999980839999747e-01 5.537721560579999598e-53 3.555272962419999753e-20
5.420732990220000049e-13 7.522339206919999601e-98 1.000000000000000000e+00 7.893513723460000419e-13 1.680290867890000064e-17 9.866914835749999666e-18 1.000000000000000000e+00 1.176733086759999997e-19 1.000000000000000000e+00 1.000000000000000000e+00
