1.000000000000000000e+00 1.000000000000000000e+00 7.199870279030000417e-18 1.000000000000000000e+00 1.000000000000000000e+00 5.543235529019999793e-70 1.000000000000000000e+00 9.999999999959999775e-01 1.000000000000000000e+00 1.000000000000000000e+00
1.342680569370000012e-48 1.000000000000000000e+00 9.721119087589999792e-28 4.852837558559999764e-02 4.337447350069999878e-14 1.000000000000000000e+00 4.811579859019999713e-70 9.999999976729999629e-01 1.000000000000000000e+00 7.012094514290000309e-14
7.453497057730000592e-30 2.939744200510000214e-56 6.430393244120000392e-93 1.405037939420000004e-24 3.020295803790000178e-01 8.113039446849999411e-14 1.000000000000000000e+00 1.383761416799999965e-24 1.000000000000000000e+00 3.805257667829999966e-21
9.133415494030000525e-01 1.000000000000000000e+00 1.000000000000000000e+00 1.539553858799999936e-40 1.000000000000000000e+00 1.000000000000000000e+00 1.000000000000000000e+00 6.606909512679999588e-29 1.000000000000000000e+00 5.499886160509999565e-35
2.521034433089999807e-40 1.142153957460000053e-63 3.191644512459999791e-53 1.000000000000000000e+00 1.000000000000000000e+00 1.000000000000000000e+00 1.823859592999999905e-17 1.000000000000000000e+00 1.210484189330000094e-18 9.999999744569999516e-01
1.000000000000000000e+00 1.000000000000000000e+00 2.136429618809999921e-21 2.947956736389999983e-22 3.153924117450000052e-16 1.436177616620000087e-19 5.568797076590000525e-66 8.669770270109999408e-09 5.315454097079999885e-54 1.246485900989999975e-38
1.000000000000000000e+00 1.000000000000000000e+00 1.000000000000000000e+00 1.000000000000000000e+00 1.000000000000000000e+00 1.000000000000000000e+00 2.855180945390000052e-44 1.000000000000000000e+00 1.783495172199999970e-59 1.000000000000000000e+00
4.688272162129999960e-58 3.615772770250000350e-24 1.000000000000000000e+00 1.000000000000000000e+00 2.364979708979999850e-09 4.308320873260000370e-49 1.000000000000000000e+00 4.093054891919999799e-02 9.110976421320000554e-20 1.000000000000000000e+00
1.000000000000000000e+00 2.557246697639999829e-81 1.000000000000000000e+00 4.466669421430000120e-01 3.436122446169999854e-40 7.580972782869999546e-64 1.154415508749999931e-98 2.241218917309999808e-06 2.223097477769999941e-01 9.217863643989999689e-01
1.000000000000000000e+00 1.000000000000000000e+00 1.000000000000000000e+00 1.000000000000000000e+00 1.803353767290000057e-53 1.000000000000000000e+00 1.000000000000000000e+00 1.000000000000000000e+00 1.000000000000000000e+00 1.000000000000000000e+00
