6.146876886039999756e-55 4.410951825960000135e-57 1.000000000000000000e+00 2.683169032320000088e-33 2.496109586280000008e-16 1.310142384290000070e-07 9.999999999930000438e-01 2.256717025719999966e-20 9.188441510340000331e-37 1.000000000000000000e+00
2.509117973489999776e-125 4.487345589689999523e-137 2.235384951759999961e-19 7.890180659660000345e-03 1.000000000000000000e+00 1.000000000000000000e+00 2.223245449160000047e-34 1.000000000000000000e+00 9.374071799920000010e-07 1.000000000000000000e+00
1.000000000000000000e+00 1.000000000000000000e+00 1.000000000000000000e+00 1.293611249669999966e-46 1.000000000000000000e+00 1.000000000000000000e+00 1.000000000000000000e+00 1.000000000000000000e+00 1.000000000000000000e+00 5.427251680580000408e-38
1.000000000000000000e+00 1.000000000000000000e+00 3.441984158540000054e-20 7.976107882969999867e-22 1.810637764719999975e-22 1.000000000000000000e+00 5.602137551579999815e-08 5.792589226459999685e-26 3.293757993969999841e-39 6.248272248139999956e-49
1.000000000000000000e+00 1.000000000000000000e+00 1.000000000000000000e+00 1.000000000000000000e+00 1.000000000000000000e+00 1.000000000000000000e+00 1.000000000000000000e+00 1.000000000000000000e+00 2.798114539500000088e-68 1.000000000000000000e+00
6.444673209380000409e-45 1.970423227380000063e-46 1.000000000000000000e+00 1.000000000000000000e+00 1.000000000000000000e+00 3.447340777069999845e-39 1.000000000000000000e+00 1.000000000000000000e+00 1.000000000000000000e+00 1.924088048969999913e-63
1.000000000000000000e+00 1.000000000000000000e+00 1.693332135630000004e-53 1.000000000000000000e+00 1.000000000000000000e+00 1.000000000000000000e+00 2.888621373550000170e-62 1.000000000000000000e+00 1.000000000000000000e+00 1.000000000000000000e+00
1.000000000000000000e+00 1.000000000000000000e+00 1.000000000000000000e+00 1.000000000000000000e+00 1.292789749899999920e-43 1.000000000000000000e+00 1.000000000000000000e+00 2.894761175269999772e-44 1.000000000000000000e+00 1.000000000000000000e+00
4.745418899180000226e-35 1.482191337729999942e-38 2.293678138990000033e-39 1.000000000000000000e+00 5.060762340739999657e-40 1.491929786060000087e-46 1.082938694760000031e-57 1.415034276680000017e-36 1.000000000000000000e+00 1.000000000000000000e+00
1.559951522600000007e-28 2.091153618919999935e-30 3.716802045380000075e-31 1.851676199390000056e-17 9.999998745920000154e-01 5.298373458059999938e-92 9.489056095179999825e-47 9.999999363479999959e-01 9.175536880290000221e-38 7.065156480389999871e-50
