1.691039014310000025e-47 1.000000000000000000e+00 1.892508301190000077e-49 4.137655682030000121e-33 1.000000000000000000e+00 1.000000000000000000e+00 1.464980851839999878e-45 9.999999999559999742e-01 5.381351296330000311e-01 3.893826639879999780e-10
1.000000000000000000e+00 1.110465576170000027e-43 9.542130891599999789e-09 1.000000000000000000e+00 1.000000000000000000e+00 2.477524233890000187e-12 1.000000000000000000e+00 1.000000000000000000e+00 1.000000000000000000e+00 1.000000000000000000e+00
1.181927547170000002e-43 1.746386223039999950e-25 4.905488927909999736e-10 1.000000000000000000e+00 1.000000000000000000e+00 1.000000000000000000e+00 7.198533603590000159e-20 1.000000000000000000e+00 1.000000000000000000e+00 1.000000000000000000e+00
1.000000000000000000e+00 1.000000000000000000e+00 1.000000000000000000e+00 1.495251484190000090e-13 1.327950441339999890e-172 1.000000000000000000e+00 1.000000000000000000e+00 1.280238921150000035e-126 9.991480470979999806e-01 9.999934355809999564e-01
6.485686168530000462e-01 1.000000000000000000e+00 1.000000000000000000e+00 1.000000000000000000e+00 9.999999460790000017e-01 2.954362225129999867e-64 9.999999758959999818e-01 1.000000000000000000e+00 2.177463659069999830e-55 1.797783473289999949e-44
1.000000000000000000e+00 2.859843730229999976e-37 3.051968444659999969e-50 2.617306996799999855e-48 1.000000000000000000e+00 6.225194227639999633e-01 6.457707592210000248e-19 1.467296551229999892e-03 2.856980405729999969e-55 5.758564862620000284e-59
4.775203206940000248e-32 2.247762449479999894e-28 1.000000000000000000e+00 3.671915350760000162e-05 7.703385052509999628e-49 3.129436687110000048e-26 5.584701537859999565e-01 1.077077418129999956e-36 1.120624086900000076e-21 3.736791469439999766e-20
1.000000000000000000e+00 4.316305768979999957e-01 1.000000000000000000e+00 9.057852536950000004e-52 1.000000000000000000e+00 1.000000000000000000e+00 1.000000000000000000e+00 1.000000000000000000e+00 1.000000000000000000e+00 1.000000000000000000e+00
3.718211131810000032e-22 4.221888293280000087e-05 6.863550248929999658e-41 1.000000000000000000e+00 4.219660443770000164e-126 1.529609428649999911e-24 1.034788916350000026e-41 1.610999217649999919e-84 1.000000000000000000e+00 1.000000000000000000e+00
1.000000000000000000e+00 1.000000000000000000e+00 1.000000000000000000e+00 1.000000000000000000e+00 1.000000000000000000e+00 1.000000000000000000e+00 1.000000000000000000e+00 1.000000000000000000e+00 1.000000000000000000e+00 1.000000000000000000e+00
