1.707766811390000097e-25 5.619679728579999583e-65 3.515292884509999781e-13 2.865269483240000140e-55 1.000000000000000000e+00 1.000000000000000000e+00 1.000000000000000000e+00 1.000000000000000000e+00 8.468257714330000207e-16 1.450720279869999938e-58
3.129290127479999748e-60 1.000000000000000000e+00 4.829914034809999991e-60 1.000000000000000000e+00 1.473661504380000026e-32 1.053351026700000091e-09 1.000000000000000000e+00 3.365683975430000131e-26 4.537356339510000215e-14 1.000000000000000000e+00
9.114735997839999340e-18 1.000000000000000000e+00 8.113813316210000000e-19 1.000000000000000000e+00 1.000000000000000000e+00 1.000000000000000000e+00 3.709030870929999793e-84 1.000000000000000000e+00 1.657647380359999985e-10 1.000000000000000000e+00
1.000000000000000000e+00 1.017508150980000012e-21 1.000000000000000000e+00 5.038794846890000054e-03 5.473253905649999824e-24 1.000000000000000000e+00 1.420664640790000084e-105 1.323445889519999970e-17 9.999999999569999520e-01 9.308501131630000369e-01
1.000000000000000000e+00 4.642862896899999957e-07 1.000000000000000000e+00 9.999998914300000097e-01 1.555163904149999935e-25 1.573444550789999975e-33 1.000000000000000000e+00 4.783241937389999868e-24 6.276923532310000379e-51 6.327640482459999383e-02
4.583522457290000185e-01 1.000000000000000000e+00 1.000000000000000000e+00 9.938194023899999952e-01 4.239891736470000176e-51 1.000000000000000000e+00 1.000000000000000000e+00 1.631659059640000086e-33 1.000000000000000000e+00 6.447501533020000406e-07
1.000000000000000000e+00 1.000000000000000000e+00 1.000000000000000000e+00 1.000000000000000000e+00 1.000000000000000000e+00 1.000000000000000000e+00 1.000000000000000000e+00 1.000000000000000000e+00 1.653643789610000081e-01 1.000000000000000000e+00
1.000000000000000000e+00 5.374998087710000094e-01 9.999952636169999742e-01 1.000000000000000000e+00 1.000000000000000000e+00 1.355791180160000069e-93 9.999999999949999996e-01 1.000000000000000000e+00 1.000000000000000000e+00 1.000000000000000000e+00
2.411152410350000123e-27 1.000000000000000000e+00 2.412821719320000074e-18 1.234051285139999908e-46 9.999999985090000099e-01 1.000000000000000000e+00 4.737414387390000181e-26 1.000000000000000000e+00 1.000000000000000000e+00 1.608705524250000035e-50
5.678840764769999801e-18 9.567891372630000631e-15 6.001451670629999674e-27 5.634080586799999780e-53 5.117563660229999701e-16 2.081424070119999960e-54 2.936064666729999907e-80 3.831316747389999778e-17 4.312541802249999957e-11 5.734587137209999696e-52
