1.000000000000000000e+00 1.056085364989999970e-01 1.000000000000000000e+00 1.000000000000000000e+00 3.552247194520000029e-15 1.192424564659999944e-86 1.000000000000000000e+00 3.075007870100000048e-21 6.907519743050000481e-79 9.999999429429999864e-01
1.450174878609999846e-17 1.000000000000000000e+00 2.807565485110000170e-27 1.000000000000000000e+00 1.256431490699999995e-39 1.171217567530000075e-59 3.806344842730000028e-26 3.746314294260000146e-34 1.000000000000000000e+00 9.844507679170000358e-01
8.847263220529999826e-17 1.341814619999999918e-52 1.012711210239999965e-09 1.000000000000000000e+00 1.000000000000000000e+00 1.000000000000000000e+00 1.446738488859999883e-04 1.000000000000000000e+00 4.516685952370000215e-60 3.510713953480000260e-01
1.000000000000000000e+00 2.262637689170000077e-01 1.000000000000000000e+00 6.350807268299999645e-28 1.372656093039999909e-16 1.000000000000000000e+00 1.000000000000000000e+00 1.856961862930000112e-10 1.000000000000000000e+00 9.704997469390000013e-37
1.000000000000000000e+00 8.816343975939999744e-01 9.999998395920000060e-01 9.918720993529999794e-09 1.000000000000000000e+00 3.247628272690000031e-130 1.000000000000000000e+00 1.000000000000000000e+00 1.000000000000000000e+00 9.077880520250000818e-34
1.000000000000000000e+00 7.900227075140000554e-01 9.991087179919999617e-01 1.000000000000000000e+00 1.000000000000000000e+00 1.000000000000000000e+00 1.000000000000000000e+00 1.000000000000000000e+00 1.000000000000000000e+00 1.000000000000000000e+00
1.301309117179999882e-26 2.406853737960000235e-07 2.800546586130000063e-34 1.885987540149999832e-12 1.111343656900000107e-62 3.086535901949999812e-71 2.103914474500000057e-37 5.992570498279999688e-48 8.832214840150000446e-60 1.494590820049999935e-01
2.513255383280000025e-21 5.660594702640000531e-01 1.259752576200000071e-48 3.901048786900000032e-42 2.884043096299999862e-35 1.000000000000000000e+00 1.543983179440000148e-33 1.752025747139999904e-22 1.000000000000000000e+00 1.000000000000000000e+00
4.746821039999999736e-25 1.000000000000000000e+00 1.112148009309999917e-36 1.103885815940000011e-24 9.999999999969999553e-01 1.000000000000000000e+00 3.836999216929999759e-33 1.000000000000000000e+00 1.065543474180000007e-52 1.404824323809999910e-38
1.000000000000000000e+00 1.000000000000000000e+00 1.000000000000000000e+00 1.000000000000000000e+00 1.000000000000000000e+00 1.000000000000000000e+00 1.000000000000000000e+00 1.000000000000000000e+00 4.196364764980000069e-176 9.999999980879999972e-01
