1.000000000000000000e+00 9.957190004029999875e-01 2.477575378659999964e-55 3.948299399269999728e-34 4.808313449970000032e-32 4.091509253060000082e-19 1.065579200589999948e-46 1.374915358770000036e-23 1.603352894639999941e-58 1.850186757859999822e-52
1.729740050099999916e-40 5.717971978969999926e-31 1.000000000000000000e+00 4.015700878719999719e-51 2.142032625520000066e-01 1.286007078069999921e-11 1.000000000000000000e+00 1.000000000000000000e+00 4.590942941569999789e-48 1.531774917040000021e-56
5.597185198710000240e-54 1.000000000000000000e+00 1.798917891359999984e-34 5.749246170339999485e-48 1.000000000000000000e+00 1.000000000000000000e+00 4.967525269279999965e-30 1.000000000000000000e+00 1.000000000000000000e+00 4.450483842740000197e-63
1.000000000000000000e+00 1.000000000000000000e+00 1.000000000000000000e+00 3.734581683540000103e-37 1.000000000000000000e+00 1.000000000000000000e+00 1.000000000000000000e+00 2.689911196449999915e-21 1.000000000000000000e+00 1.627549482339999969e-53
1.000000000000000000e+00 7.669704616700000142e-48 1.000000000000000000e+00 9.999226069769999725e-01 3.585790209809999929e-32 3.690512502600000147e-44 1.000000000000000000e+00 1.000000000000000000e+00 1.000000000000000000e+00 1.000000000000000000e+00
6.716206623699999464e-24 1.651966877440000115e-23 3.140030897580000058e-63 1.000000000000000000e+00 9.999999993589999692e-01 1.512269221049999945e-01 2.568090270849999995e-42 1.000000000000000000e+00 1.231556386059999998e-202 1.000000000000000000e+00
5.667365195690000037e-53 1.000000000000000000e+00 1.000000000000000000e+00 1.000000000000000000e+00 8.847254286720000841e-50 2.338934102569999900e-25 9.999169444369999660e-01 1.788622764839999990e-59 1.967885306369999819e-21 1.000000000000000000e+00
1.000000000000000000e+00 1.000000000000000000e+00 1.000000000000000000e+00 1.000000000000000000e+00 1.000000000000000000e+00 1.000000000000000000e+00 1.000000000000000000e+00 1.000000000000000000e+00 3.134411064929999829e-86 1.000000000000000000e+00
1.000000000000000000e+00 1.000000000000000000e+00 3.748342157569999794e-33 1.000000000000000000e+00 9.999999995139999820e-01 1.000000000000000000e+00 2.009191291739999874e-42 1.000000000000000000e+00 1.000000000000000000e+00 1.000000000000000000e+00
1.170656343129999920e-34 6.664785521370000300e-29 2.282839654759999927e-25 1.000000000000000000e+00 1.000000000000000000e+00 9.999999998769999454e-01 8.413110288319999907e-15 2.558919851219999989e-80 1.000000000000000000e+00 1.000000000000000000e+00
