1.000000000000000000e+00 1.016516388160000054e-83 9.999533854890000351e-01 1.000000000000000000e+00 1.074050417580000088e-25 5.734898678120000233e-43 9.999999981399999571e-01 7.184022837579999886e-53 1.934385952650000129e-01 1.000000000000000000e+00
1.000000000000000000e+00 1.000000000000000000e+00 1.000000000000000000e+00 8.721095779009999534e-71 1.000000000000000000e+00 4.606701591349999823e-35 1.000000000000000000e+00 1.000000000000000000e+00 1.000000000000000000e+00 7.941001994279999560e-75
4.383464226539999863e-50 6.220446596479999532e-72 1.937858035069999898e-12 5.216257072950000452e-29 5.601632344000000006e-28 3.858969739689999900e-48 2.530655234579999875e-26 1.161942885460000036e-03 4.150162684719999725e-23 1.671270354010000164e-30
1.000000000000000000e+00 1.000000000000000000e+00 4.453311638399999883e-01 1.000000000000000000e+00 1.000000000000000000e+00 3.760082066720000133e-43 9.981085269660000536e-01 1.000000000000000000e+00 9.964542107029999984e-01 1.000000000000000000e+00
1.891168163189999865e-105 1.000000000000000000e+00 1.000000000000000000e+00 6.901520608870000084e-23 3.282156785389999856e-58 7.123831970580000193e-16 1.000000000000000000e+00 6.534743185040000342e-33 1.000000000000000000e+00 8.560209200420000050e-26
1.000000000000000000e+00 4.896834225270000029e-85 1.000000000000000000e+00 1.361957986840000055e-05 9.999992884870000376e-01 1.000000000000000000e+00 1.000000000000000000e+00 1.000000000000000000e+00 1.000000000000000000e+00 6.207949596670000458e-01
1.507710949210000046e-63 1.000000000000000000e+00 6.443433554200000488e-23 1.104081270219999934e-28 1.000000000000000000e+00 1.000000000000000000e+00 5.803368599800000219e-25 1.000000000000000000e+00 3.939322564239999938e-22 4.323457146159999966e-32
1.000000000000000000e+00 1.000000000000000000e+00 4.618964353230000253e-08 9.550846307820000367e-06 5.241615010400000226e-40 1.000000000000000000e+00 1.616672533150000100e-20 6.719118946510000443e-30 2.811990451489999788e-19 1.115518961790000041e-04
4.383552230409999732e-47 2.758505892910000000e-63 1.173896273140000061e-23 1.000000000000000000e+00 9.021195224810000246e-01 9.999999996580000161e-01 4.601388515830000100e-37 1.000000000000000000e+00 1.894738214899999921e-31 1.000000000000000000e+00
2.165752520569999980e-47 1.000000000000000000e+00 1.000000000000000000e+00 1.000000000000000000e+00 1.000000000000000000e+00 1.000000000000000000e+00 9.988974651099999935e-01 1.554000109449999848e-39 2.380204682630000183e-03 1.000000000000000000e+00
