1.000000000000000000e+00 1.000000000000000000e+00 1.363573669380000037e-26 9.665822114940000092e-28 1.000000000000000000e+00 1.000000000000000000e+00 1.000000000000000000e+00 1.000000000000000000e+00 1.000000000000000000e+00 6.084602402889999778e-24
1.000000000000000000e+00 1.000000000000000000e+00 1.000000000000000000e+00 1.000000000000000000e+00 1.000000000000000000e+00 1.000000000000000000e+00 9.999998063630000100e-01 1.000000000000000000e+00 2.391310518010000025e-48 9.857679162229999736e-01
3.089728938559999781e-53 1.013001623580000003e-23 1.000000000000000000e+00 2.126952743360000111e-26 1.000000000000000000e+00 7.849423256719999520e-01 9.999999707560000006e-01 1.000000000000000000e+00 1.000000000000000000e+00 1.307623150910000012e-24
1.773590145580000154e-58 6.664662608650000674e-27 1.192142848069999889e-16 1.000000000000000000e+00 1.855483176630000115e-48 1.115556065369999883e-50 1.500793350589999990e-09 1.326428134880000085e-46 4.811014075950000371e-03 1.000000000000000000e+00
5.110704238969999702e-01 1.497595041309999845e-08 1.000000000000000000e+00 6.215893653040000303e-48 5.572625222690000006e-34 1.503644408179999916e-55 2.566603709519999920e-04 2.381241221599999963e-34 2.902450450409999897e-37 1.000000000000000000e+00
9.544777484219999497e-01 1.924270227799999878e-12 3.067208669609999962e-44 1.909136354349999920e-41 2.366050630180000079e-44 1.000000000000000000e+00 8.594187951860000693e-31 1.808938902219999911e-49 6.339490869329999863e-70 1.513529018200000028e-29
1.000000000000000000e+00 1.000000000000000000e+00 1.053558921519999981e-60 1.000000000000000000e+00 9.999999982470000326e-01 5.094416475250000163e-34 1.000000000000000000e+00 9.999980014979999998e-01 1.000000000000000000e+00 1.000000000000000000e+00
1.000000000000000000e+00 1.000000000000000000e+00 3.251892820390000171e-06 6.129479321280000053e-44 3.023889787310000080e-44 4.810897684810000368e-78 1.000000000000000000e+00 6.272092998789999962e-45 1.000000000000000000e+00 6.331453721760000061e-43
1.070569031230000070e-50 1.182498071690000068e-26 8.823209034430000234e-20 1.000000000000000000e+00 1.000000000000000000e+00 1.000000000000000000e+00 9.992629601710000253e-01 1.000000000000000000e+00 4.655850378890000135e-08 1.000000000000000000e+00
9.999999998609999663e-01 1.000000000000000000e+00 1.000000000000000000e+00 1.000000000000000000e+00 1.067875433359999968e-07 1.000000000000000000e+00 1.000000000000000000e+00 1.781613505340000070e-06 1.000000000000000000e+00 1.000000000000000000e+00
