1.000000000000000000e+00 7.006528342579999569e-01 1.000000000000000000e+00 1.000000000000000000e+00 1.139394620409999941e-29 1.000000000000000000e+00 1.000000000000000000e+00 3.027368647050000057e-29 1.000000000000000000e+00 1.000000000000000000e+00
9.992670644910000011e-01 6.803945708199999572e-59 2.875137917499999932e-91 1.000000000000000000e+00 1.000000000000000000e+00 1.000000000000000000e+00 9.529249709139999344e-90 1.000000000000000000e+00 3.058484006280000262e-20 1.000000000000000000e+00
3.810041692160000123e-31 9.729617484610000204e-42 2.183977677640000098e-106 1.000000000000000000e+00 1.912193221059999956e-23 2.182628147619999994e-39 5.073287740470000060e-104 2.512609926099999920e-24 7.603046375959999770e-01 4.566051017590000083e-17
1.000000000000000000e+00 9.999999999990000221e-01 8.498356772479999928e-34 1.724637735740000093e-14 1.000000000000000000e+00 1.000000000000000000e+00 1.495407458919999941e-29 1.000000000000000000e+00 1.000000000000000000e+00 1.801196665420000018e-47
1.000000000000000000e+00 3.896925402130000055e-14 8.147358197590000097e-32 7.725817383230000241e-47 6.759712972630000081e-42 1.000000000000000000e+00 8.861295324759999827e-29 6.650714860180000014e-42 4.750881546620000149e-61 1.232530159109999985e-22
2.694981586539999898e-30 7.301730279319999786e-38 1.000000000000000000e+00 7.186546817929999655e-48 1.000000000000000000e+00 6.758384234800000662e-05 1.000000000000000000e+00 1.000000000000000000e+00 1.436114165559999909e-41 5.830225809680000153e-46
2.115389187280000168e-49 1.000000000000000000e+00 5.872053555960000374e-53 1.000000000000000000e+00 1.000000000000000000e+00 1.511291815479999927e-20 8.894889324089999903e-53 1.000000000000000000e+00 1.000000000000000000e+00 1.000000000000000000e+00
9.999366045049999929e-01 1.000000000000000000e+00 1.000000000000000000e+00 1.306654315409999960e-03 1.000000000000000000e+00 1.000000000000000000e+00 1.000000000000000000e+00 1.000000000000000000e+00 8.676694635230000588e-55 1.000000000000000000e+00
1.146433696879999967e-33 1.000000000000000000e+00 1.000000000000000000e+00 1.056413293150000067e-04 1.845723328739999937e-29 2.083776820910000092e-21 1.000000000000000000e+00 2.573498942919999812e-28 1.000000000000000000e+00 1.553756472500000053e-08
1.000000000000000000e+00 1.462186834529999992e-69 1.000000000000000000e+00 1.000000000000000000e+00 1.000000000000000000e+00 2.408117001349999991e-53 1.000000000000000000e+00 1.000000000000000000e+00 1.088867907649999954e-03 1.000000000000000000e+00
