1.416243817460000039e-57 1.000000000000000000e+00 5.041852313320000101e-26 1.000000000000000000e+00 2.933347796190000116e-28 9.644136773400000529e-01 5.112118410119999576e-57 1.000000000000000000e+00 1.000000000000000000e+00 1.000000000000000000e+00
1.000000000000000000e+00 1.000000000000000000e+00 1.000000000000000000e+00 1.000000000000000000e+00 1.000000000000000000e+00 1.000000000000000000e+00 1.000000000000000000e+00 9.999999999919999549e-01 1.677209768339999948e-02 1.000000000000000000e+00
1.000000000000000000e+00 3.690234255929999985e-02 1.000000000000000000e+00 1.000000000000000000e+00 1.633818090010000104e-35 9.936780882090000544e-01 1.000000000000000000e+00 7.531326091210000365e-59 2.266388041780000017e-168 1.000000000000000000e+00
1.066254167889999988e-10 1.000000000000000000e+00 7.193422714740000312e-14 1.733546271809999998e-04 8.610796557100000375e-10 9.999999980529999943e-01 1.105967360159999978e-09 5.810680435970000091e-74 1.140031600479999916e-142 4.540056357230000171e-14
3.841814547850000001e-24 4.630828159230000119e-96 5.760383157609999649e-21 2.053340729030000035e-16 1.879046490200000099e-51 4.157541478919999704e-74 1.830474791410000008e-32 1.879027411300000045e-03 4.206557596389999820e-01 9.018295669820000004e-30
3.032221341590000135e-28 1.000000000000000000e+00 7.421489746070000288e-30 2.835584428599999899e-23 1.000000000000000000e+00 1.000000000000000000e+00 1.298025117879999981e-14 1.000000000000000000e+00 1.000000000000000000e+00 5.038326851519999942e-10
1.501141929870000026e-31 3.874364453580000387e-37 9.095560334649999469e-22 1.000000000000000000e+00 1.000000000000000000e+00 8.034032846659999245e-46 1.112466782879999993e-40 9.999999999930000438e-01 4.938470253269999939e-09 1.000000000000000000e+00
1.000000000000000000e+00 2.001728309230000022e-13 1.000000000000000000e+00 1.594836357539999944e-14 1.000000000000000000e+00 6.889584483439999962e-01 1.000000000000000000e+00 6.950367409360000238e-37 5.574308255239999832e-22 8.326845687109999551e-31
1.000000000000000000e+00 1.000000000000000000e+00 1.000000000000000000e+00 4.590135730270000090e-28 2.446024643810000215e-28 1.000000000000000000e+00 1.000000000000000000e+00 1.000000000000000000e+00 1.000000000000000000e+00 1.095853654530000062e-17
1.000000000000000000e+00 8.727779925009999443e-48 1.000000000000000000e+00 9.999999999369999504e-01 6.368374944789999766e-13 3.405017610489999837e-24 1.000000000000000000e+00 1.000000000000000000e+00 1.000000000000000000e+00 1.000000000000000000e+00
