1.000000000000000000e+00 1.000000000000000000e+00 1.999896218140000021e-42 9.975347306980000273e-01 1.000000000000000000e+00 1.000000000000000000e+00 1.000000000000000000e+00 1.000000000000000000e+00 1.000000000000000000e+00 9.638347254050000607e-33
6.202854880010000237e-06 1.000000000000000000e+00 6.663299317619999870e-21 3.154914599500000157e-50 2.377742762549999945e-66 1.000000000000000000e+00 3.540614029949999788e-19 8.779244211760000201e-64 7.791615198639999637e-25 1.723215373639999862e-82
1.000000000000000000e+00 1.000000000000000000e+00 1.000000000000000000e+00 3.985391273770000148e-29 4.804604501710000063e-44 1.000000000000000000e+00 1.000000000000000000e+00 1.702771824879999951e-45 1.667848587499999868e-01 1.000000000000000000e+00
1.000000000000000000e+00 2.448003491680000083e-35 2.843691862820000208e-06 1.000000000000000000e+00 9.254684979380000350e-51 1.438600622879999977e-26 1.000000000000000000e+00 5.404997350139999715e-53 9.113697339189999881e-35 1.571582164120000029e-62
1.058498320080000032e-51 1.001464978100000051e-10 1.000000000000000000e+00 4.672739514349999860e-44 1.000000000000000000e+00 7.527037633870000372e-21 1.000000000000000000e+00 1.000000000000000000e+00 1.000000000000000000e+00 9.999999999990000221e-01
1.000000000000000000e+00 9.873350842579999221e-28 1.000000000000000000e+00 1.000000000000000000e+00 1.000000000000000000e+00 6.661805477149999974e-26 1.000000000000000000e+00 1.000000000000000000e+00 1.000000000000000000e+00 1.000000000000000000e+00
1.000000000000000000e+00 1.000000000000000000e+00 1.000000000000000000e+00 1.000000000000000000e+00 1.000000000000000000e+00 1.000000000000000000e+00 9.555323460839999854e-32 1.000000000000000000e+00 2.480822005190000207e-06 1.000000000000000000e+00
1.929776587070000095e-24 1.000000000000000000e+00 3.856730308969999813e-28 1.000000000000000000e+00 9.999999999909999771e-01 1.000000000000000000e+00 7.523533926589999621e-80 1.000000000000000000e+00 1.000000000000000000e+00 2.936138714499999997e-41
5.499059758380000232e-13 1.225315804760000054e-35 4.578524732039999756e-41 1.143906286639999944e-11 1.000000000000000000e+00 1.087109064019999966e-34 3.219092048819999824e-55 1.000000000000000000e+00 2.387656419650000016e-42 9.999999987929999445e-01
4.816210148880000259e-45 4.084441106590000103e-25 1.135445672079999975e-07 1.000000000000000000e+00 9.293810753119999748e-67 4.356513075699999856e-32 9.845541241189999383e-43 6.192167047299999892e-66 1.000000000000000000e+00 9.998156898560000005e-01
