3.112687517089999857e-39 1.436144307229999919e-31 9.875093072740000459e-24 1.000000000000000000e+00 1.567877790459999876e-100 6.040240470060000037e-21 4.179803181099999909e-45 4.690251908509999949e-101 1.532435425780000090e-37 1.000000000000000000e+00
1.000000000000000000e+00 1.000000000000000000e+00 1.000000000000000000e+00 0.000000000000000000e+00 4.081440107990000343e-02 1.000000000000000000e+00 1.000000000000000000e+00 1.533563229430000008e-01 1.000000000000000000e+00 1.000000000000000000e+00
1.000000000000000000e+00 7.473424347060000497e-21 1.000000000000000000e+00 2.374429938690000041e-09 1.000000000000000000e+00 1.148764624289999934e-45 1.000000000000000000e+00 1.000000000000000000e+00 9.421735881049999971e-22 9.558185099230000149e-33
9.999999992750000510e-01 2.189093184129999866e-74 9.999999158040000502e-01 1.000000000000000000e+00 1.000000000000000000e+00 1.000000000000000000e+00 6.905670985940000062e-01 1.000000000000000000e+00 2.274970011020000036e-77 1.000000000000000000e+00
1.464449595579999929e-48 1.000000000000000000e+00 4.117600497430000117e-01 3.247590068129999854e-50 1.000000000000000000e+00 1.000000000000000000e+00 2.622848713339999927e-45 1.000000000000000000e+00 1.000000000000000000e+00 9.906155393900000313e-33
2.830261655080000081e-39 2.769041462080000060e-15 2.561730568349999802e-19 1.031367747919999891e-84 1.000000000000000000e+00 1.131646964750000065e-40 4.195712455969999885e-35 1.000000000000000000e+00 3.938957328620000015e-10 1.000000000000000000e+00
9.999999369059999754e-01 1.000000000000000000e+00 6.940213758870000231e-58 1.000000000000000000e+00 1.000000000000000000e+00 3.842504697760000218e-66 5.290516860320000347e-01 1.000000000000000000e+00 1.000000000000000000e+00 1.000000000000000000e+00
1.000000000000000000e+00 1.000000000000000000e+00 1.000000000000000000e+00 1.000000000000000000e+00 1.000000000000000000e+00 1.000000000000000000e+00 1.000000000000000000e+00 1.000000000000000000e+00 1.000000000000000000e+00 1.000000000000000000e+00
1.000000000000000000e+00 1.503850952830000010e-08 1.660494889499999903e-105 1.654691310960000050e-01 7.246252593729999935e-41 1.862683198310000027e-42 1.000000000000000000e+00 1.386202289330000029e-39 2.754393221699999775e-04 6.773407690719999819e-26
8.906792491149999602e-01 9.999991843840000394e-01 1.000000000000000000e+00 1.000000000000000000e+00 6.200206726029999916e-68 1.000000000000000000e+00 8.774399616479999428e-08 3.447159925170000093e-68 2.419232623739999922e-08 7.071829031829999610e-32
