1.000000000000000000e+00 1.000000000000000000e+00 1.000000000000000000e+00 1.000000000000000000e+00 1.000000000000000000e+00 1.000000000000000000e+00 1.000000000000000000e+00 2.589673276229999836e-38 1.782542866730000114e-30 9.999999999930000438e-01
1.370733589440000023e-14 2.969959070329999771e-19 5.416642967520000049e-60 3.850875427539999661e-27 1.000000000000000000e+00 1.848645077639999945e-11 1.000000000000000000e+00 1.873676780249999940e-44 1.914625782360000103e-42 1.026279194239999951e-31
9.999999953099999450e-01 1.000000000000000000e+00 1.000000000000000000e+00 6.583315789189999996e-41 6.984692961410000318e-50 1.000000000000000000e+00 1.000000000000000000e+00 1.000000000000000000e+00 1.000000000000000000e+00 1.000000000000000000e+00
2.529124033410000067e-21 3.230401504820000017e-38 2.573025384149999981e-46 8.797119129669999317e-47 1.931550946750000080e-90 2.616130489109999984e-80 4.724296987290000332e-09 2.846072320379999798e-01 9.967426156980000451e-01 1.000000000000000000e+00
9.999999992920000080e-01 1.000000000000000000e+00 3.206829097339999855e-25 2.120918801379999968e-04 1.699322201800000025e-77 1.000000000000000000e+00 6.030328740489999657e-28 5.604351003649999969e-30 1.500528474970000019e-29 3.898363642459999822e-39
1.000000000000000000e+00 1.000000000000000000e+00 2.318472084600000029e-40 1.000000000000000000e+00 1.000000000000000000e+00 1.440248927270000034e-01 1.000000000000000000e+00 1.000000000000000000e+00 1.000000000000000000e+00 5.084894819170000524e-01
2.738853276600000115e-43 5.849632485430000403e-60 1.000000000000000000e+00 1.000000000000000000e+00 1.000000000000000000e+00 6.688000961210000017e-59 4.449558868140000151e-03 6.704110024949999639e-18 6.468784146029999919e-16 9.999999792299999468e-01
1.000000000000000000e+00 1.000000000000000000e+00 1.000000000000000000e+00 1.714121680629999934e-03 1.872413348919999925e-52 1.793716651209999884e-48 1.000000000000000000e+00 1.000000000000000000e+00 1.000000000000000000e+00 1.941861860869999955e-39
1.629894623199999920e-38 4.603139620200000252e-13 7.464668505230000431e-42 1.000000000000000000e+00 1.000000000000000000e+00 1.000000000000000000e+00 1.664335776699999994e-61 1.000000000000000000e+00 1.000000000000000000e+00 1.000000000000000000e+00
1.055843589090000075e-14 9.999980276309999860e-01 1.000000000000000000e+00 4.247713547899999861e-29 1.000000000000000000e+00 1.000000000000000000e+00 1.149730003829999943e-32 1.000000000000000000e+00 1.000000000000000000e+00 3.647870272879999820e-29
