1.000000000000000000e+00 2.267143615640000042e-29 1.000000000000000000e+00 4.457522084200000138e-43 1.000000000000000000e+00 1.087200214759999971e-06 1.000000000000000000e+00 1.000000000000000000e+00 3.401458115719999689e-05 1.143964396110000031e-46
7.146191682949999754e-82 3.438727953200000010e-21 3.562024806320000210e-35 9.999999985609999698e-01 6.613334318949999874e-35 3.463088547820000196e-01 3.685626130989999815e-48 1.420038363950000133e-23 1.000000000000000000e+00 1.000000000000000000e+00
6.898475468419999705e-56 1.000000000000000000e+00 1.000000000000000000e+00 9.250907552089999676e-17 1.000000000000000000e+00 1.000000000000000000e+00 1.747566285379999938e-10 1.000000000000000000e+00 1.000000000000000000e+00 4.017100437930000190e-21
1.000000000000000000e+00 9.999999999380000393e-01 1.000000000000000000e+00 1.000000000000000000e+00 1.000000000000000000e+00 1.000000000000000000e+00 1.000000000000000000e+00 1.000000000000000000e+00 1.000000000000000000e+00 1.000000000000000000e+00
7.697252301549999276e-46 1.795207237960000100e-32 6.793303351919999639e-28 1.000000000000000000e+00 4.209771624369999976e-16 1.000000000000000000e+00 9.062537671450000042e-64 1.069695428060000045e-13 4.155480399060000119e-222 1.000000000000000000e+00
1.000000000000000000e+00 1.000000000000000000e+00 8.199126040029999787e-51 1.000000000000000000e+00 1.178240266899999989e-52 3.011220429040000032e-41 4.305963913699999951e-39 1.000000000000000000e+00 7.906960580280000159e-16 1.000000000000000000e+00
1.166427734350000019e-33 1.000000000000000000e+00 1.335964870820000030e-33 3.180932776189999855e-69 3.011168702070000034e-40 1.281801057969999915e-24 4.672365657209999966e-15 6.694476087120000195e-39 2.937662133859999887e-30 4.604792646149999707e-52
1.000000000000000000e+00 1.000000000000000000e+00 1.000000000000000000e+00 9.984358889200000142e-01 1.000000000000000000e+00 1.000000000000000000e+00 1.000000000000000000e+00 4.572897286780000122e-84 8.547308272540000370e-70 1.000000000000000000e+00
1.000000000000000000e+00 3.946142754789999679e-09 3.794635797309999718e-23 5.249424923560000127e-30 6.383745142510000176e-29 1.000000000000000000e+00 1.000000000000000000e+00 7.582658461370000353e-62 1.000000000000000000e+00 1.936458713299999967e-01
1.379043419700000061e-45 9.654113705540000296e-32 1.000000000000000000e+00 1.000000000000000000e+00 1.000000000000000000e+00 3.329298307140000163e-85 1.000000000000000000e+00 5.233793524949999881e-29 4.092317559080000289e-09 9.999999999890000213e-01
