5.175701660460000132e-42 6.368141145720000390e-28 1.116956002069999966e-19 1.000000000000000000e+00 1.000000000000000000e+00 7.224849635400000247e-01 9.817573584989999748e-20 1.000000000000000000e+00 3.222367196270000293e-89 1.066713244810000032e-64
1.000000000000000000e+00 1.728196492190000092e-24 6.226479352669999745e-38 9.999999972709999740e-01 1.000000000000000000e+00 7.652749125209999802e-26 1.000000000000000000e+00 9.999999998799999901e-01 3.788892479399999879e-56 1.000000000000000000e+00
7.187357145500000297e-23 1.000000000000000000e+00 2.108450783920000004e-25 9.998897781869999779e-01 1.000000000000000000e+00 1.000000000000000000e+00 1.513324545969999934e-18 1.000000000000000000e+00 1.000000000000000000e+00 1.960043837009999959e-19
1.000000000000000000e+00 1.000000000000000000e+00 1.000000000000000000e+00 6.468828023740000266e-22 1.128364521040000086e-37 1.000000000000000000e+00 1.000000000000000000e+00 1.310094621099999915e-33 1.000000000000000000e+00 1.000000000000000000e+00
1.777334926219999946e-16 6.193569413519999700e-35 2.762025267210000140e-27 1.507629423349999895e-10 6.868085584190000537e-11 2.762664587989999962e-36 4.119265916670000170e-11 1.995791853180000038e-08 1.000000000000000000e+00 1.000000000000000000e+00
1.000000000000000000e+00 1.000000000000000000e+00 1.000000000000000000e+00 1.000000000000000000e+00 1.000000000000000000e+00 2.270056534170000184e-75 1.000000000000000000e+00 1.000000000000000000e+00 1.000000000000000000e+00 9.999999932469999520e-01
2.948008071179999727e-26 1.000000000000000000e+00 2.213955765550000132e-37 1.000000000000000000e+00 3.018321168580000170e-53 1.000000000000000000e+00 1.414564609110000000e-14 1.874521303360000002e-01 1.963198358899999917e-112 2.950934943539999866e-29
4.370643134439999874e-28 1.071192060599999961e-11 1.000000000000000000e+00 3.065581689450000046e-30 7.530559573300000549e-11 3.417975411060000210e-34 3.207305426880000041e-25 6.011282651829999676e-30 6.412983615250000184e-74 1.225540214309999920e-47
1.000000000000000000e+00 1.000000000000000000e+00 1.000000000000000000e+00 9.999999999930000438e-01 1.000000000000000000e+00 1.000000000000000000e+00 1.000000000000000000e+00 1.000000000000000000e+00 7.086751858040000373e-93 1.000000000000000000e+00
1.000000000000000000e+00 1.605065137330000036e-31 1.000000000000000000e+00 3.101966982059999999e-03 2.622982764600000257e-10 1.000000000000000000e+00 1.000000000000000000e+00 9.999999989990000504e-01 1.000000000000000000e+00 3.663868031519999911e-92
