1.608196023440000000e-13 7.290991573039999535e-51 1.122437617729999959e-20 8.015412185240000589e-08 1.000000000000000000e+00 4.072401742859999741e-36 1.000000000000000000e+00 1.000000000000000000e+00 1.598734757239999970e-77 2.662980091480000020e-18
9.650503732959999637e-01 1.000000000000000000e+00 1.892225384149999921e-08 2.832159774349999980e-81 1.675729147059999965e-50 1.000000000000000000e+00 6.760045677619999738e-48 2.614089653760000188e-63 1.179840893320000071e-48 2.386660481679999766e-10
1.000000000000000000e+00 2.398960033260000117e-03 1.000000000000000000e+00 1.000000000000000000e+00 1.000000000000000000e+00 9.999999995799999652e-01 1.000000000000000000e+00 1.000000000000000000e+00 6.291075719229999895e-105 1.000000000000000000e+00
2.707057097270000065e-27 1.000000000000000000e+00 3.615569028980000047e-09 1.000000000000000000e+00 1.000000000000000000e+00 1.000000000000000000e+00 1.250407201909999938e-74 1.000000000000000000e+00 1.898098306850000024e-48 1.000000000000000000e+00
1.000000000000000000e+00 1.000000000000000000e+00 1.000000000000000000e+00 1.000000000000000000e+00 5.011711965070000384e-91 1.000000000000000000e+00 1.000000000000000000e+00 5.003556250030000184e-119 1.000000000000000000e+00 4.038233290900000161e-01
1.000000000000000000e+00 1.400605731979999896e-22 1.000000000000000000e+00 6.604858955729999798e-65 1.000000000000000000e+00 3.478362223290000130e-04 2.430863700649999907e-55 1.000000000000000000e+00 1.000000000000000000e+00 1.000000000000000000e+00
9.986384518740000216e-01 1.000000000000000000e+00 1.278356931380000001e-63 1.000000000000000000e+00 1.000000000000000000e+00 1.000000000000000000e+00 1.000000000000000000e+00 1.000000000000000000e+00 1.000000000000000000e+00 1.000000000000000000e+00
3.056880321369999898e-30 5.254259484079999846e-16 1.572398451699999904e-12 1.000000000000000000e+00 4.948595037929999750e-44 6.841385357269999884e-15 1.035488280320000087e-59 1.444692269879999861e-48 1.000000000000000000e+00 6.993515728220000360e-22
9.999999993670000142e-01 4.061591538210000021e-47 5.341460615140000240e-31 1.516860457979999998e-82 8.839765019559999935e-65 1.471361544330000071e-33 1.000000000000000000e+00 1.187858248139999965e-86 2.529130937370000032e-06 1.000000000000000000e+00
3.317503662259999818e-15 1.000000000000000000e+00 1.000000000000000000e+00 2.103344585109999857e-77 1.000000000000000000e+00 1.000000000000000000e+00 1.000000000000000000e+00 1.000000000000000000e+00 1.000000000000000000e+00 4.056616379919999937e-16
