1.139290985200000013e-67 2.111993705380000067e-26 2.806874491030000046e-35 9.999995444929999922e-01 2.769358976770000246e-29 5.053613232950000208e-48 4.157252350510000182e-66 2.947343677190000314e-42 3.903889554079999994e-03 1.000000000000000000e+00
1.000000000000000000e+00 1.000000000000000000e+00 1.000000000000000000e+00 4.307910487569999993e-61 9.999999986119999518e-01 1.000000000000000000e+00 1.000000000000000000e+00 1.564351160129999934e-74 1.478581218500000078e-73 1.000000000000000000e+00
1.000000000000000000e+00 1.000000000000000000e+00 2.099875546340000134e-33 6.528330179909999849e-31 8.184592444890000301e-27 1.000000000000000000e+00 2.595201352340000144e-36 1.129060940930000094e-34 7.759237166520000176e-23 2.542974698889999845e-43
9.999999999509999737e-01 1.000000000000000000e+00 1.000000000000000000e+00 9.516557339260000026e-01 2.094836144069999853e-39 5.781416417280000123e-70 2.159959735300000125e-80 1.000000000000000000e+00 7.982646179149999622e-10 8.299275314039999962e-01
7.599645217060000486e-20 3.460677416650000139e-59 2.096557352519999918e-50 1.000000000000000000e+00 1.000000000000000000e+00 1.000000000000000000e+00 1.000000000000000000e+00 1.000000000000000000e+00 1.000000000000000000e+00 1.000000000000000000e+00
1.160253228179999942e-34 1.647581895969999883e-42 1.000000000000000000e+00 3.262720155060000142e-37 1.000000000000000000e+00 2.669762152200000013e-60 1.000000000000000000e+00 6.738947127000000340e-16 1.963940196790000071e-37 2.623841054050000057e-48
1.000000000000000000e+00 1.000000000000000000e+00 1.000000000000000000e+00 1.000000000000000000e+00 1.000000000000000000e+00 1.000000000000000000e+00 1.000000000000000000e+00 1.000000000000000000e+00 1.000000000000000000e+00 1.000000000000000000e+00
1.000000000000000000e+00 1.000000000000000000e+00 3.924267778330000190e-30 1.000000000000000000e+00 1.000000000000000000e+00 4.659027938219999822e-80 1.000000000000000000e+00 8.720990799260000045e-31 9.950293299819999993e-01 1.000000000000000000e+00
1.180459588600000009e-74 1.000000000000000000e+00 1.561090654750000029e-01 8.575055679190000062e-19 1.000000000000000000e+00 1.000000000000000000e+00 4.982865322470000276e-58 1.000000000000000000e+00 1.430846940189999967e-10 5.926500028410000447e-23
1.000000000000000000e+00 1.454086412030000031e-166 1.000000000000000000e+00 1.000000000000000000e+00 1.424743099699999991e-39 1.000000000000000000e+00 9.999999999840000209e-01 1.000000000000000000e+00 1.000000000000000000e+00 1.000000000000000000e+00
