6.255349782240000356e-47 1.719199701870000028e-32 1.000000000000000000e+00 4.981802514000000054e-52 1.000000000000000000e+00 2.560469441580000015e-26 1.000000000000000000e+00 1.000000000000000000e+00 7.454685940559999634e-03 6.270522598800000107e-60
1.083418441109999937e-42 1.000000000000000000e+00 1.000000000000000000e+00 2.720045049539999863e-58 2.323910609589999965e-37 1.000000000000000000e+00 1.000000000000000000e+00 1.732574933760000155e-39 1.000000000000000000e+00 1.443571208630000042e-61
9.999999999990000221e-01 3.393966174460000134e-53 2.858501224029999979e-41 1.000000000000000000e+00 1.000000000000000000e+00 1.000000000000000000e+00 1.530621875870000055e-34 1.000000000000000000e+00 1.000000000000000000e+00 1.000000000000000000e+00
1.000000000000000000e+00 1.575565651709999991e-52 1.000000000000000000e+00 1.409986756870000024e-01 5.137978839890000105e-47 1.000000000000000000e+00 1.000000000000000000e+00 1.112491359130000011e-64 1.000000000000000000e+00 1.000000000000000000e+00
1.547573319280000085e-34 1.000000000000000000e+00 6.032886177960000507e-39 6.602312675120000477e-32 1.000000000000000000e+00 2.003490984439999960e-54 1.425158074970000044e-38 1.000000000000000000e+00 9.999999999990000221e-01 1.136512549289999953e-34
7.866299357430000493e-26 1.533888201140000013e-28 3.404947739179999813e-56 1.352975082719999992e-29 2.944199257440000178e-21 1.000000000000000000e+00 9.263065816170000057e-56 2.517105021050000063e-25 1.134460341800000050e-22 4.672387089079999900e-32
1.000000000000000000e+00 1.000000000000000000e+00 1.000000000000000000e+00 1.000000000000000000e+00 1.000000000000000000e+00 1.000000000000000000e+00 1.000000000000000000e+00 1.000000000000000000e+00 1.000000000000000000e+00 1.000000000000000000e+00
1.000000000000000000e+00 1.000000000000000000e+00 9.999999999840000209e-01 1.000000000000000000e+00 1.000000000000000000e+00 1.382122941740000035e-39 9.999999999930000438e-01 1.000000000000000000e+00 2.975109365299999834e-34 1.000000000000000000e+00
1.000000000000000000e+00 4.650151904789999765e-39 5.146962091100000247e-01 1.000000000000000000e+00 2.874371542250000174e-40 2.621726861749999771e-53 8.063645063559999882e-01 9.279279044129999273e-47 5.611635797749999984e-22 1.000000000000000000e+00
1.000000000000000000e+00 1.000000000000000000e+00 1.623309130999999936e-50 1.000000000000000000e+00 1.205642678229999917e-13 1.000000000000000000e+00 9.964600104099999669e-47 4.418125104560000072e-02 9.982186595769999560e-01 1.000000000000000000e+00
