2.259275399979999973e-29 1.148230401050000014e-39 6.976998742179999661e-18 1.000000000000000000e+00 3.410444235279999919e-36 5.816998193719999666e-47 1.912723836880000044e-14 3.912135406439999772e-35 1.588228318270000040e-24 1.000000000000000000e+00
3.019427426130000258e-01 1.000000000000000000e+00 2.235638771650000044e-56 3.251300128400000021e-46 1.000000000000000000e+00 1.365468430499999921e-39 3.060788004660000036e-56 1.000000000000000000e+00 1.000000000000000000e+00 1.288985989219999971e-41
3.382949370559999675e-55 3.083744391759999941e-56 4.566008432580000093e-82 9.999999997189999990e-01 1.000000000000000000e+00 1.000000000000000000e+00 2.386215671919999934e-74 1.000000000000000000e+00 5.378095251409999999e-01 1.000000000000000000e+00
1.830567934190000024e-49 2.032856096500000199e-37 1.000000000000000000e+00 1.491865087119999916e-20 1.269979005909999958e-01 2.175806876600000035e-35 1.000000000000000000e+00 9.997654032839999871e-01 1.870560103540000100e-35 2.973843974949999854e-36
1.000000000000000000e+00 1.000000000000000000e+00 1.607439197900000078e-50 1.000000000000000000e+00 1.089132050780000013e-13 1.000000000000000000e+00 2.031807293620000017e-55 3.857330056700000176e-01 1.000000000000000000e+00 1.000000000000000000e+00
1.000000000000000000e+00 1.266984448719999968e-31 1.000000000000000000e+00 1.395825115709999902e-51 3.274165674649999747e-01 1.000000000000000000e+00 1.000000000000000000e+00 8.422482965219999507e-01 1.000000000000000000e+00 1.214820228880000071e-45
1.000000000000000000e+00 1.793724948289999961e-90 1.000000000000000000e+00 1.000000000000000000e+00 1.000000000000000000e+00 1.000000000000000000e+00 1.000000000000000000e+00 9.999999997640000027e-01 5.746205847980000343e-03 1.000000000000000000e+00
1.000000000000000000e+00 1.000000000000000000e+00 7.583701008490000019e-21 3.258145199410000100e-47 5.734487456159999674e-28 8.828413132569999933e-01 1.231714470670000001e-25 7.444501590070000371e-25 1.781688475129999941e-29 2.169945688269999846e-40
2.437113933110000019e-01 1.000000000000000000e+00 1.000000000000000000e+00 1.000000000000000000e+00 9.999999846239999712e-01 1.393276872300000025e-40 1.000000000000000000e+00 1.341010885280000033e-03 1.000000000000000000e+00 1.000000000000000000e+00
1.000000000000000000e+00 1.000000000000000000e+00 1.000000000000000000e+00 1.000000000000000000e+00 1.000000000000000000e+00 1.000000000000000000e+00 1.000000000000000000e+00 1.000000000000000000e+00 7.174305906799999650e-31 1.000000000000000000e+00
