1.636554460759999949e-04 6.329486197840000467e-33 3.180874178099999923e-61 5.237322309059999475e-32 3.677361595879999905e-33 1.077602185960000029e-47 1.117983875780000054e-63 1.086868909540000086e-30 1.000000000000000000e+00 2.996643606449999790e-45
9.999997470920000131e-01 1.000000000000000000e+00 1.617446314029999912e-29 1.632138262969999989e-24 9.625515157830000416e-42 1.309204442299999940e-63 8.727014188689999368e-30 1.795036583369999909e-34 6.117876423259999672e-28 1.000000000000000000e+00
9.999999999869999545e-01 1.000000000000000000e+00 1.000000000000000000e+00 1.000000000000000000e+00 1.000000000000000000e+00 1.000000000000000000e+00 1.000000000000000000e+00 1.000000000000000000e+00 1.395065556419999924e-25 1.000000000000000000e+00
9.817024739450000364e-17 6.215891553539999781e-57 1.000000000000000000e+00 5.953308946730000011e-09 1.000000000000000000e+00 6.266528160200000184e-44 1.000000000000000000e+00 1.000000000000000000e+00 1.000000000000000000e+00 7.852038773780000147e-01
7.907703868200000342e-17 1.000000000000000000e+00 2.388360988350000165e-92 1.778166417769999979e-06 1.000000000000000000e+00 1.000000000000000000e+00 7.458853807090000032e-94 1.000000000000000000e+00 8.961718675430000066e-07 4.253286842310000108e-54
1.000000000000000000e+00 1.000000000000000000e+00 4.706441840839999991e-49 1.000000000000000000e+00 1.000000000000000000e+00 9.900294831639999528e-36 5.811923979170000349e-49 1.000000000000000000e+00 1.000000000000000000e+00 1.000000000000000000e+00
1.000000000000000000e+00 1.000000000000000000e+00 1.000000000000000000e+00 1.003346366659999979e-29 3.112950107000000056e-11 1.000000000000000000e+00 1.000000000000000000e+00 1.000000000000000000e+00 1.000000000000000000e+00 8.164611881540000069e-46
1.582216347390000015e-56 4.257630508559999955e-99 2.667290105339999927e-72 9.999999848249999657e-01 9.999934531270000537e-01 2.135346416810000034e-40 1.412221687009999905e-71 1.000000000000000000e+00 9.528082682630000396e-50 1.000000000000000000e+00
1.000000000000000000e+00 9.999999972040000129e-01 1.000000000000000000e+00 1.000000000000000000e+00 4.805357203709999857e-18 1.000000000000000000e+00 1.000000000000000000e+00 1.203426247930000010e-43 1.000000000000000000e+00 1.000000000000000000e+00
6.021148200399999899e-27 1.302381622600000002e-64 1.000000000000000000e+00 9.999063131719999609e-01 1.326903213589999923e-18 1.000000000000000000e+00 1.000000000000000000e+00 6.593036417059999551e-39 1.631125690680000019e-35 3.071161507729999856e-22
