4.921385121880000459e-10 5.600033809209999773e-64 4.004877123830000227e-64 7.145056343290000157e-05 3.560087185050000203e-09 4.622073957509999893e-57 3.921332649200000159e-16 1.323909958340000061e-21 1.000000000000000000e+00 1.000000000000000000e+00
1.000000000000000000e+00 1.000000000000000000e+00 1.000000000000000000e+00 1.000000000000000000e+00 1.000000000000000000e+00 1.000000000000000000e+00 9.999997011779999667e-01 9.999999999969999553e-01 8.840087400419999764e-51 1.000000000000000000e+00
4.596120453829999833e-17 1.000000000000000000e+00 1.028524647649999991e-39 3.935107290289999692e-03 9.936477101399999734e-01 1.000000000000000000e+00 1.514365550049999959e-30 6.962982669389999945e-19 1.000000000000000000e+00 4.518839469660000327e-46
1.000000000000000000e+00 1.000000000000000000e+00 7.483449517470000113e-36 1.000000000000000000e+00 1.000000000000000000e+00 1.000000000000000000e+00 1.000000000000000000e+00 1.000000000000000000e+00 1.000000000000000000e+00 1.000000000000000000e+00
5.406840266859999973e-15 2.186058058039999907e-22 1.000000000000000000e+00 9.999999987309999838e-01 9.986965418019999596e-01 1.483195429899999971e-32 9.999942435249999928e-01 9.999999999940000217e-01 5.112480107690000097e-108 8.231901019149999369e-39
1.000000000000000000e+00 1.687821958959999895e-34 1.000000000000000000e+00 4.423746398650000244e-24 1.165913122320000102e-19 6.925213555970000344e-31 1.000000000000000000e+00 1.000000000000000000e+00 1.000000000000000000e+00 6.620239307269999952e-23
1.000000000000000000e+00 2.426826112599999843e-12 6.357844426949999576e-62 9.999999999990000221e-01 1.000000000000000000e+00 1.358367597110000051e-08 1.000000000000000000e+00 3.613273527620000100e-20 3.623054517070000115e-84 1.000000000000000000e+00
1.920142322799999892e-11 9.999999895090000424e-01 3.096313298250000027e-21 1.009052768689999931e-12 1.794392188429999906e-09 9.999999882319999811e-01 2.648256633320000043e-27 4.829778148870000077e-22 4.050332708249999850e-146 3.618847174230000072e-29
1.000000000000000000e+00 1.000000000000000000e+00 1.000000000000000000e+00 3.138661229099999816e-15 5.799349216410000238e-09 1.000000000000000000e+00 1.000000000000000000e+00 1.730531878099999964e-09 1.000000000000000000e+00 6.354411034190000326e-32
1.585531033499999996e-37 1.124362031059999962e-08 1.000000000000000000e+00 1.000000000000000000e+00 1.000000000000000000e+00 5.787860845810000043e-01 1.074951385189999996e-51 9.993340256120000209e-01 1.000000000000000000e+00 1.000000000000000000e+00
