1.000000000000000000e+00 9.999999981349999567e-01 1.000000000000000000e+00 1.000000000000000000e+00 1.000000000000000000e+00 9.999999531130000507e-01 1.000000000000000000e+00 1.000000000000000000e+00 1.995975160490000118e-07 1.000000000000000000e+00
9.999994659640000227e-01 9.999999992639999613e-01 1.000000000000000000e+00 1.000000000000000000e+00 1.000000000000000000e+00 9.999999999540000184e-01 1.000000000000000000e+00 2.676420646780000224e-128 1.000000000000000000e+00 9.899402247320000514e-01
1.000000000000000000e+00 1.000000000000000000e+00 1.000000000000000000e+00 2.184069735790000182e-56 7.845956737410000297e-45 1.000000000000000000e+00 9.999999986340000202e-01 1.000000000000000000e+00 1.000000000000000000e+00 1.000000000000000000e+00
1.000000000000000000e+00 3.370496409680000013e-43 8.763342387410000427e-17 1.000000000000000000e+00 1.000000000000000000e+00 1.589724354630000110e-41 8.743102840519999652e-16 1.000000000000000000e+00 1.000000000000000000e+00 1.000000000000000000e+00
1.841171847840000101e-68 8.367695579530000025e-04 3.010733678390000177e-35 1.000000000000000000e+00 1.000000000000000000e+00 2.505534066699999785e-01 9.741517767289999514e-33 1.000000000000000000e+00 9.005017509499999381e-180 1.112117675260000071e-67
1.312876088800000064e-48 2.158054780140000010e-26 1.000000000000000000e+00 9.325274048580000312e-24 1.292366785840000011e-12 4.145590646140000082e-25 1.000000000000000000e+00 1.000000000000000000e+00 1.000000000000000000e+00 4.193177639920000250e-46
1.000000000000000000e+00 6.902331870139999877e-15 1.000000000000000000e+00 3.783839914370000224e-01 4.221032931290000408e-03 7.885931847689999848e-19 1.000000000000000000e+00 4.509516464129999886e-27 1.086855971330000069e-90 1.000000000000000000e+00
1.019220073590000051e-65 1.985893648040000106e-32 2.498306058410000083e-38 9.561654168999999864e-05 4.153846147650000075e-04 1.078126141779999973e-35 1.285099327709999920e-29 8.930697013290000514e-66 1.000000000000000000e+00 5.875283446170000094e-69
5.321515665290000256e-95 1.000000000000000000e+00 2.212232354910000069e-25 1.000000000000000000e+00 1.000000000000000000e+00 1.000000000000000000e+00 5.565265856690000343e-19 1.000000000000000000e+00 1.000000000000000000e+00 1.317270709529999998e-90
1.179485771660000010e-39 1.000000000000000000e+00 1.928119539850000054e-24 1.572856101610000105e-11 2.934022258190000042e-11 1.000000000000000000e+00 1.904082998419999904e-23 6.580086598639999602e-34 6.888329508990000062e-90 1.459692919400000053e-36
