9.986527891869999563e-01 1.000000000000000000e+00 1.000000000000000000e+00 9.292854174600000405e-01 1.105156911409999998e-41 1.000000000000000000e+00 1.051958854690000046e-57 2.431679656440000106e-60 1.000000000000000000e+00 9.999504846110000011e-01
1.705955836359999925e-15 5.386156817009999648e-56 8.221341925829999452e-17 2.352663357270000034e-18 6.155728537120000372e-54 4.138907548149999881e-38 8.575536552549999911e-69 3.413020622970000264e-60 1.000000000000000000e+00 5.961988018710000168e-19
2.781691806710000010e-18 1.000000000000000000e+00 1.000000000000000000e+00 1.000000000000000000e+00 1.000000000000000000e+00 1.000000000000000000e+00 2.796175716810000151e-21 1.000000000000000000e+00 1.793524212120000014e-35 1.000000000000000000e+00
1.000000000000000000e+00 3.469055401700000242e-49 1.000000000000000000e+00 8.749829147620000125e-17 3.872056420959999653e-40 1.000000000000000000e+00 1.000000000000000000e+00 1.000000000000000000e+00 1.000000000000000000e+00 9.931871253480000217e-01
5.016075144710000489e-01 1.000000000000000000e+00 1.821833411169999883e-45 9.585026548669999364e-34 1.000000000000000000e+00 1.000000000000000000e+00 1.000000000000000000e+00 1.000000000000000000e+00 1.000000000000000000e+00 2.436040649400000054e-25
1.000000000000000000e+00 1.000000000000000000e+00 1.000000000000000000e+00 1.000000000000000000e+00 1.000000000000000000e+00 1.000000000000000000e+00 1.000000000000000000e+00 1.000000000000000000e+00 1.000000000000000000e+00 1.000000000000000000e+00
9.991043929209999508e-01 1.000000000000000000e+00 4.047820573010000224e-48 1.108236476500000009e-24 2.856335232790000272e-14 1.000000000000000000e+00 3.818625447230000231e-41 1.620060961160000124e-33 5.221883714040000060e-64 2.486954220229999963e-24
8.846702810779999596e-11 3.683592488499999890e-22 1.000000000000000000e+00 3.244910032319999926e-29 1.000000000000000000e+00 4.635398973449999691e-36 1.000000000000000000e+00 1.000000000000000000e+00 7.072467567259999661e-36 2.865667426939999987e-28
1.000000000000000000e+00 2.487487726090000127e-61 1.000000000000000000e+00 1.000000000000000000e+00 1.520643395880000042e-29 4.729213589910000122e-47 3.170180851990000203e-22 4.505041789740000034e-23 2.619907241539999931e-20 1.000000000000000000e+00
1.140777269150000090e-19 3.040497357019999908e-26 4.352810967180000267e-42 1.000000000000000000e+00 1.000000000000000000e+00 6.594371189779999767e-33 1.000000000000000000e+00 1.000000000000000000e+00 1.000000000000000000e+00 1.000000000000000000e+00
