1.000000000000000000e+00 1.000000000000000000e+00 3.176243996510000096e-41 1.000000000000000000e+00 9.958074251770000496e-01 9.999906580240000009e-01 1.000000000000000000e+00 9.999999999699999975e-01 1.000000000000000000e+00 1.000000000000000000e+00
1.873519704649999945e-45 1.960587443010000088e-26 5.478551765839999557e-32 1.963270456829999917e-42 2.100201747630000109e-23 5.417541830989999992e-31 1.151423582280000077e-39 1.424017587780000127e-23 1.267360203500000031e-23 1.005591681300000079e-34
1.000000000000000000e+00 2.883281797189999825e-23 1.238831856380000069e-89 1.009401810949999914e-40 4.831072483600000046e-15 1.000000000000000000e+00 1.000000000000000000e+00 9.559787218319999447e-01 4.222592354930000354e-25 1.314705383490000055e-20
6.121667400180000500e-48 1.000000000000000000e+00 1.000000000000000000e+00 1.000000000000000000e+00 5.105577567289999884e-33 9.239360056590000259e-01 1.309964539239999989e-41 1.827166210049999917e-21 1.000000000000000000e+00 1.000000000000000000e+00
1.268776944130000035e-54 3.045342526680000023e-23 1.218931907200000022e-46 1.000000000000000000e+00 9.377943250729999791e-01 2.813788978900000001e-02 3.982922907309999864e-42 9.999970161279999603e-01 2.368096179119999895e-25 1.000000000000000000e+00
1.000000000000000000e+00 1.340913431079999935e-33 1.000000000000000000e+00 3.647253353029999912e-31 1.000000000000000000e+00 3.099421461870000144e-36 1.000000000000000000e+00 1.000000000000000000e+00 2.416245028930000142e-36 3.705690392769999727e-26
1.000000000000000000e+00 7.084550483339999824e-06 1.000000000000000000e+00 1.000000000000000000e+00 1.000000000000000000e+00 1.000000000000000000e+00 1.000000000000000000e+00 1.000000000000000000e+00 2.416844274280000209e-34 1.000000000000000000e+00
1.000000000000000000e+00 1.000000000000000000e+00 1.000000000000000000e+00 5.296032362490000000e-31 1.915079471899999936e-28 1.210831366410000001e-10 1.000000000000000000e+00 5.437265755989999686e-19 1.000000000000000000e+00 1.939212682469999953e-21
1.000000000000000000e+00 2.172413713290000125e-34 9.998306071939999651e-01 1.000000000000000000e+00 3.025441733919999764e-50 1.528550779940000003e-40 1.000000000000000000e+00 2.226750241959999984e-35 2.703631392590000128e-34 1.000000000000000000e+00
1.766141688869999946e-31 1.000000000000000000e+00 1.000000000000000000e+00 2.300279394720000026e-36 1.000000000000000000e+00 1.000000000000000000e+00 1.629967363690000056e-32 1.000000000000000000e+00 1.000000000000000000e+00 1.324599520470000073e-28
