1.000000000000000000e+00 1.000000000000000000e+00 1.000000000000000000e+00 1.000000000000000000e+00 1.000000000000000000e+00 1.000000000000000000e+00 1.000000000000000000e+00 1.000000000000000000e+00 1.000000000000000000e+00 1.000000000000000000e+00
5.439020906699999875e-75 2.001340401719999918e-34 9.999999999890000213e-01 1.272280397829999985e-138 4.616885298900000256e-19 3.194033453690000024e-01 1.000000000000000000e+00 9.999999999990000221e-01 1.793074904099999919e-22 2.068801723649999930e-19
4.049572890409999792e-01 1.000000000000000000e+00 1.337748128289999919e-29 1.000000000000000000e+00 1.000000000000000000e+00 2.338755854179999926e-37 1.000000000000000000e+00 1.129942533359999962e-50 1.000000000000000000e+00 7.158184555280000329e-30
1.000000000000000000e+00 1.000000000000000000e+00 4.273859337700000420e-03 1.613866844700000052e-15 1.000000000000000000e+00 9.999932880870000540e-01 1.075053828060000035e-95 1.000000000000000000e+00 1.000000000000000000e+00 9.267267923310000490e-24
2.860979544380000268e-23 4.200912544239999733e-34 7.263211500210000321e-11 1.000000000000000000e+00 1.442176156049999979e-39 3.070246674900000312e-08 1.573551619239999944e-34 1.015186070449999975e-40 1.000000000000000000e+00 1.000000000000000000e+00
2.170236189400000074e-91 1.000000000000000000e+00 6.056979661410000208e-18 4.499550405089999859e-08 1.000000000000000000e+00 9.999826741530000174e-01 3.351108253599999903e-72 1.000000000000000000e+00 1.217242990689999905e-37 1.000000000000000000e+00
5.889503419920000260e-01 4.092517620429999886e-49 5.082937860920000266e-03 1.000000000000000000e+00 1.612932987529999911e-06 3.052817889719999896e-15 1.000000000000000000e+00 1.000000000000000000e+00 8.424058379059999945e-38 2.102586568880000120e-28
1.000000000000000000e+00 4.273788522240000165e-01 2.665419218549999865e-36 2.866734036820000143e-57 1.336574278670000064e-28 3.291060415420000010e-26 2.441096705370000082e-70 7.891372806319999745e-59 1.206425211210000040e-69 2.556612498449999986e-11
1.000000000000000000e+00 1.000000000000000000e+00 1.000000000000000000e+00 1.000000000000000000e+00 9.999999999969999553e-01 1.000000000000000000e+00 1.000000000000000000e+00 9.999716295180000047e-01 1.635668800169999929e-209 1.000000000000000000e+00
1.000000000000000000e+00 1.978481524340000021e-45 1.000000000000000000e+00 1.081907188870000064e-51 2.098989371389999896e-21 1.000000000000000000e+00 1.000000000000000000e+00 1.000000000000000000e+00 1.000000000000000000e+00 1.000000000000000000e+00
