1.000000000000000000e+00 1.000000000000000000e+00 1.086971110330000023e-48 1.000000000000000000e+00 1.000000000000000000e+00 1.956267524209999967e-16 1.000000000000000000e+00 1.000000000000000000e+00 1.000000000000000000e+00 1.000000000000000000e+00
1.000000000000000000e+00 1.000000000000000000e+00 1.000000000000000000e+00 1.000000000000000000e+00 1.000000000000000000e+00 1.000000000000000000e+00 1.000000000000000000e+00 1.000000000000000000e+00 1.000000000000000000e+00 1.000000000000000000e+00
8.547410274959999344e-71 1.000000000000000000e+00 1.000000000000000000e+00 1.000000000000000000e+00 9.999999894019999669e-01 1.000000000000000000e+00 4.826859303640000476e-75 9.999906942109999530e-01 5.893083347569999519e-01 9.999999998559999659e-01
1.000000000000000000e+00 3.062524820070000034e-11 1.120641343990000026e-31 1.000000000000000000e+00 1.243545603419999954e-32 5.038033581879999756e-11 1.000000000000000000e+00 2.877451851670000241e-35 7.018158922129999734e-46 1.268907754530000057e-44
1.000000000000000000e+00 1.000000000000000000e+00 1.000000000000000000e+00 3.207931636090000212e-41 1.000000000000000000e+00 1.000000000000000000e+00 1.000000000000000000e+00 1.000000000000000000e+00 1.782869102230000052e-40 2.035488164139999950e-48
4.102619137179999868e-36 2.004815776399999881e-17 5.485736227809999965e-33 1.000000000000000000e+00 9.548169788419999717e-60 1.933739651389999987e-31 5.199025638340000145e-36 7.209436372880000270e-59 1.000000000000000000e+00 1.000000000000000000e+00
8.527961374419999577e-10 1.979951802620000011e-35 1.000000000000000000e+00 1.000000000000000000e+00 1.000000000000000000e+00 2.581659023659999932e-10 1.554287710220000006e-10 1.000000000000000000e+00 8.403466671229999266e-53 2.771987518349999771e-29
1.000000000000000000e+00 1.787514708089999903e-37 1.000000000000000000e+00 4.280991560370000175e-49 2.996182396170000066e-34 9.999999999119999483e-01 1.000000000000000000e+00 4.240783864519999882e-27 1.000000000000000000e+00 1.000000000000000000e+00
2.548868828520000033e-35 4.765523099950000299e-10 1.502183360850000113e-16 4.839139279799999728e-64 7.389983433859999617e-47 1.000000000000000000e+00 9.000951676839999957e-40 2.450234202589999820e-50 8.964412606980000462e-36 1.582522035439999859e-36
9.493304580350000235e-28 1.000000000000000000e+00 1.146891883599999969e-37 7.056513707729999414e-49 1.000000000000000000e+00 6.649063256730000228e-23 4.580482243759999929e-30 1.000000000000000000e+00 1.000000000000000000e+00 1.510514396300000062e-01
