1.888306253160000106e-25 8.498645648779999528e-13 5.460427897470000149e-10 1.000000000000000000e+00 1.000000000000000000e+00 1.000000000000000000e+00 4.487237175400000105e-31 1.000000000000000000e+00 5.622251106340000453e-82 1.000000000000000000e+00
5.469919074170000046e-29 7.222098819600000375e-20 9.936345420490000357e-01 4.448022814999999771e-07 8.662410878309999278e-24 8.625590326219999809e-48 5.152917871540000235e-12 1.000000000000000000e+00 9.843612804019999940e-01 1.535435599809999984e-48
1.000000000000000000e+00 1.000000000000000000e+00 1.000000000000000000e+00 1.000000000000000000e+00 1.000000000000000000e+00 1.000000000000000000e+00 1.000000000000000000e+00 1.000000000000000000e+00 1.000000000000000000e+00 1.000000000000000000e+00
1.000000000000000000e+00 1.000000000000000000e+00 9.999980035959999958e-01 1.000000000000000000e+00 1.000000000000000000e+00 2.299345680869999866e-27 9.999992048729999805e-01 2.101148741699999984e-13 2.885203617319999854e-98 1.000000000000000000e+00
1.000000000000000000e+00 1.000000000000000000e+00 9.999999999349999946e-01 6.295858460430000020e-12 9.580706188970000486e-04 1.651956850390000052e-52 1.000000000000000000e+00 7.186435287790000396e-16 1.000000000000000000e+00 1.000000000000000000e+00
1.000000000000000000e+00 1.975028556570000100e-45 9.999999993670000142e-01 2.156066896499999885e-01 2.423957382790000131e-04 1.000000000000000000e+00 1.000000000000000000e+00 1.000000000000000000e+00 1.000000000000000000e+00 9.977127588780000389e-01
1.000000000000000000e+00 1.453058806850000047e-36 7.565452167500000201e-17 5.411468948779999986e-33 2.316090085820000088e-24 5.207575633560000254e-18 1.000000000000000000e+00 2.173573152519999881e-66 3.853873654420000123e-42 1.026813342640000034e-22
5.711159904660000342e-01 1.000000000000000000e+00 2.424014909000000006e-12 5.901078351500000130e-19 9.393604867949999697e-24 1.000000000000000000e+00 1.569385869639999936e-09 2.692871628779999766e-82 1.291262450840000048e-58 6.180193279269999975e-37
4.978871914539999954e-29 1.000000000000000000e+00 1.635165228259999986e-13 1.213117899650000030e-15 1.330876203019999999e-20 1.000000000000000000e+00 4.062585169230000063e-17 1.000000000000000000e+00 1.000000000000000000e+00 2.623184784409999946e-33
6.590482483749999830e-56 9.548944340579998995e-10 8.421685089110000355e-01 1.000000000000000000e+00 1.000000000000000000e+00 7.449793357369999527e-19 1.847116506320000026e-26 2.520880917309999857e-112 1.000000000000000000e+00 1.000000000000000000e+00
