1.000000000000000000e+00 1.000000000000000000e+00 1.000000000000000000e+00 1.000000000000000000e+00 1.000000000000000000e+00 1.000000000000000000e+00 1.000000000000000000e+00 1.000000000000000000e+00 1.000000000000000000e+00 1.000000000000000000e+00
1.000000000000000000e+00 1.000000000000000000e+00 1.000000000000000000e+00 1.000000000000000000e+00 5.651787042989999724e-36 1.287902595779999886e-16 1.000000000000000000e+00 7.017687816389999640e-37 4.906890329239999770e-62 1.000000000000000000e+00
9.999544367270000178e-01 1.000000000000000000e+00 9.999999725570000164e-01 5.135864171929999988e-82 1.000000000000000000e+00 1.000000000000000000e+00 1.149004601550000044e-03 1.000000000000000000e+00 3.781320908879999831e-01 2.481094626329999865e-80
9.999999999990000221e-01 1.000000000000000000e+00 9.999999999290000163e-01 1.000000000000000000e+00 1.000000000000000000e+00 1.746541480159999953e-51 9.999999999990000221e-01 1.000000000000000000e+00 1.188136038490000070e-36 1.000000000000000000e+00
4.034685544730000256e-42 4.934756762560000403e-10 6.198403861899999759e-38 1.000000000000000000e+00 1.000000000000000000e+00 1.000000000000000000e+00 2.612464672030000139e-33 1.000000000000000000e+00 1.000000000000000000e+00 1.000000000000000000e+00
1.000000000000000000e+00 2.797401100320000125e-67 1.000000000000000000e+00 3.682126514510000255e-39 7.743886240330000376e-06 2.077965952949999871e-12 1.000000000000000000e+00 2.665793105740000266e-04 9.999999991150000378e-01 7.275915973269999484e-39
3.894313330090000116e-51 2.907103952449999943e-11 1.597723362880000096e-47 1.000000000000000000e+00 4.163065261840000206e-27 2.762358464280000010e-15 9.550464314800000476e-44 7.929610686719999672e-29 1.000000000000000000e+00 1.000000000000000000e+00
5.664296262499999627e-44 1.146626421889999933e-21 2.795520168050000154e-39 1.499885300769999935e-21 1.000000000000000000e+00 1.200017359879999970e-48 1.162103682050000027e-27 1.000000000000000000e+00 3.724419799860000027e-28 3.622650726280000082e-22
1.000000000000000000e+00 1.000000000000000000e+00 1.000000000000000000e+00 1.815157983880000137e-18 4.721037804329999865e-29 1.000000000000000000e+00 9.999999991339999506e-01 1.167350209199999962e-26 1.000000000000000000e+00 9.104617223580000318e-19
1.756646530900000042e-59 1.000000000000000000e+00 4.345343062300000373e-53 5.160118990510000256e-15 7.992513288130000247e-33 9.999999414750000426e-01 1.366282076849999967e-44 4.726528158499999837e-35 3.580091177750000021e-34 3.236067920940000025e-13
