2.923152268980000218e-22 2.305527994319999995e-21 6.901159101770000559e-26 9.837048356669999549e-01 8.600979369359999613e-35 3.893930429850000230e-79 2.540329843619999956e-33 7.096458425860000387e-34 5.387410792390000536e-01 2.162498956760000100e-87
1.000000000000000000e+00 1.000000000000000000e+00 1.000000000000000000e+00 2.083065709860000056e-41 2.988903791199999870e-22 1.000000000000000000e+00 6.004638726819999807e-33 4.005086650370000084e-24 1.000000000000000000e+00 1.000000000000000000e+00
7.677347456249999654e-42 3.150599009599999971e-27 3.223875556040000011e-83 1.001468401790000033e-20 3.911330163559999978e-35 1.000000000000000000e+00 9.999999998070000506e-01 5.435454389569999995e-35 7.023659490200000396e-41 4.242250613750000149e-44
1.615553744809999994e-28 7.332153305040000134e-26 1.000000000000000000e+00 5.607871225449999787e-18 1.000000000000000000e+00 1.160098016570000058e-70 1.000000000000000000e+00 1.000000000000000000e+00 9.537820252139999375e-16 5.514925473879999806e-37
1.000000000000000000e+00 1.000000000000000000e+00 1.000000000000000000e+00 1.000000000000000000e+00 1.000000000000000000e+00 1.000000000000000000e+00 1.000000000000000000e+00 1.000000000000000000e+00 1.000000000000000000e+00 1.000000000000000000e+00
1.000000000000000000e+00 1.000000000000000000e+00 8.881110546059999385e-65 9.808410138620000632e-42 4.633651510770000191e-19 1.613817547450000075e-47 1.000000000000000000e+00 9.365434716139999808e-14 1.000000000000000000e+00 1.000000000000000000e+00
3.765091290070000238e-16 1.983922042570000014e-09 1.000000000000000000e+00 1.000000000000000000e+00 4.620618442230000233e-42 9.998026956479999505e-01 1.000000000000000000e+00 1.157567445390000029e-41 2.457867517810000097e-18 5.561862490319999797e-01
1.000000000000000000e+00 1.000000000000000000e+00 1.525481865009999985e-32 1.000000000000000000e+00 1.000000000000000000e+00 9.501525893709999716e-84 1.571972134090000028e-01 1.000000000000000000e+00 1.000000000000000000e+00 1.000000000000000000e+00
9.999999884960000252e-01 1.000000000000000000e+00 7.067917393089999688e-66 9.759971836899999490e-46 1.000000000000000000e+00 1.000000000000000000e+00 5.799224398340000475e-01 1.000000000000000000e+00 1.000000000000000000e+00 2.194703022500000070e-53
1.765470076730000132e-33 1.992488980579999926e-42 1.601920797349999995e-17 1.000000000000000000e+00 1.000000000000000000e+00 9.860406745569999520e-01 5.082864373849999968e-32 1.000000000000000000e+00 1.880367734859999870e-58 1.000000000000000000e+00
