1.000000000000000000e+00 6.003905165339999920e-43 5.065111282700000079e-31 9.742129719620000307e-102 1.353668499900000080e-37 9.998296790170000392e-01 9.999999999990000221e-01 6.100206397249999759e-15 3.562335257799999710e-74 1.953392853540000118e-39
3.922979335129999828e-28 1.000000000000000000e+00 1.000000000000000000e+00 3.416939261229999941e-54 1.000000000000000000e+00 1.000000000000000000e+00 1.577270364140000025e-33 9.995289435849999959e-01 1.000000000000000000e+00 1.000000000000000000e+00
9.999999999990000221e-01 9.971629901920000538e-01 9.144199333300000454e-01 1.000000000000000000e+00 1.000000000000000000e+00 1.868719594609999928e-24 1.000000000000000000e+00 5.397566841960000399e-65 6.206777442719999411e-39 1.363811253359999971e-22
1.000000000000000000e+00 1.000000000000000000e+00 1.000000000000000000e+00 1.000000000000000000e+00 1.000000000000000000e+00 1.000000000000000000e+00 1.000000000000000000e+00 1.000000000000000000e+00 2.204912260429999954e-70 1.000000000000000000e+00
1.000000000000000000e+00 9.999861729890000550e-01 9.999993852749999856e-01 1.000000000000000000e+00 9.342307850019999769e-51 1.000000000000000000e+00 1.000000000000000000e+00 1.000000000000000000e+00 1.000000000000000000e+00 1.000000000000000000e+00
1.000000000000000000e+00 9.999999985530000357e-01 1.000000000000000000e+00 9.557195728730000533e-60 5.130575577540000420e-16 9.999999985790000157e-01 1.000000000000000000e+00 1.857161950009999979e-47 1.000000000000000000e+00 1.000000000000000000e+00
2.527228107539999816e-40 2.267278025480000091e-08 3.030168804849999785e-16 8.447061222880000164e-01 1.346421102689999865e-23 2.534384060570000144e-40 1.013735725769999963e-49 4.602079608149999929e-39 1.000000000000000000e+00 1.000000000000000000e+00
1.000000000000000000e+00 1.000000000000000000e+00 1.000000000000000000e+00 1.000000000000000000e+00 1.000000000000000000e+00 6.277573121729999915e-49 1.000000000000000000e+00 1.000000000000000000e+00 1.000000000000000000e+00 1.000000000000000000e+00
1.710603659750000048e-43 3.889802367789999653e-15 2.405850022280000175e-06 1.000000000000000000e+00 1.421533907170000131e-51 9.999999998719999450e-01 2.480002406939999918e-45 1.000000000000000000e+00 5.124454741580000205e-42 2.334325554460000072e-29
2.308011223030000080e-13 3.903678861899999741e-08 1.000000000000000000e+00 6.679377393019999743e-108 9.999999999980000442e-01 6.125862831579999874e-33 1.064294408300000050e-21 1.000000000000000000e+00 4.048077473189999855e-52 5.717317263609999619e-28
