5.164834739760000267e-61 1.000000000000000000e+00 6.355494166569999887e-50 6.382243569900000410e-05 1.000000000000000000e+00 1.000000000000000000e+00 2.217454671249999796e-31 3.912437006859999884e-20 1.694448761539999881e-14 8.249143169450000362e-45
2.147984982589999824e-25 2.128674762470000072e-69 3.585563988949999853e-04 1.000000000000000000e+00 1.000000000000000000e+00 8.003444181329999326e-64 3.881440906319999815e-05 7.873916848159999704e-01 1.000000000000000000e+00 9.999758846849999827e-01
1.000000000000000000e+00 3.068282013240000245e-72 1.000000000000000000e+00 3.292456058449999784e-39 3.879827242030000229e-29 9.344978991580000538e-68 1.000000000000000000e+00 1.000000000000000000e+00 1.000000000000000000e+00 1.000000000000000000e+00
1.000000000000000000e+00 2.016820949940000068e-55 9.999999855550000261e-01 3.418287994239999903e-103 1.000000000000000000e+00 1.516285284469999953e-52 1.000000000000000000e+00 1.000000000000000000e+00 2.486970153780000135e-36 8.755446128429999576e-16
1.000000000000000000e+00 1.000000000000000000e+00 1.000000000000000000e+00 1.000000000000000000e+00 1.000000000000000000e+00 1.000000000000000000e+00 1.000000000000000000e+00 1.000000000000000000e+00 3.542222395509999804e-22 1.000000000000000000e+00
5.892136633000000397e-13 2.399124299590000146e-53 3.419711264469999981e-17 1.000000000000000000e+00 1.708611059600000108e-55 5.759369325090000225e-54 3.417913280240000099e-30 9.941039543460000212e-42 1.000000000000000000e+00 9.999988163370000516e-01
1.000000000000000000e+00 1.000000000000000000e+00 6.624188460440000327e-19 5.796097232239999508e-01 1.070334300580000048e-63 1.000000000000000000e+00 5.616559602959999754e-07 2.706229711290000228e-01 4.996140396920000503e-41 8.710811802799999570e-32
8.852723663219999700e-44 7.685183557100000240e-97 9.999995297979999975e-01 2.927802469900000076e-35 5.124100415260000070e-30 3.414936183999999917e-89 8.317952598570000209e-16 8.968892722230000800e-37 1.795931373740000033e-22 1.000000000000000000e+00
4.461474239769999761e-34 1.000000000000000000e+00 2.940222567960000034e-04 1.000000000000000000e+00 4.446300347429999796e-22 1.000000000000000000e+00 1.000000000000000000e+00 1.000000000000000000e+00 1.000000000000000000e+00 9.986884304859999784e-01
1.000000000000000000e+00 1.000000000000000000e+00 1.000000000000000000e+00 4.715283957650000072e-33 1.000000000000000000e+00 1.000000000000000000e+00 1.489807222119999934e-02 8.910972795260000581e-11 1.000000000000000000e+00 1.000000000000000000e+00
