1.285622536779999943e-03 7.135196471200000521e-17 1.000000000000000000e+00 1.000000000000000000e+00 1.208916631899999953e-14 3.894279197930000030e-09 9.999999999509999737e-01 2.991446548370000023e-68 2.701154203909999989e-28 9.999762479549999528e-01
1.000000000000000000e+00 1.000000000000000000e+00 1.000000000000000000e+00 1.284231497810000027e-70 1.545688623210000022e-03 1.000000000000000000e+00 1.000000000000000000e+00 1.000000000000000000e+00 1.000000000000000000e+00 1.000000000000000000e+00
6.335416855810000177e-12 3.525365115219999904e-10 1.000000000000000000e+00 1.991959205970000068e-37 1.542034606499999934e-24 2.364711201349999984e-30 1.729588950109999964e-26 1.000000000000000000e+00 3.113829405150000104e-76 1.309079967079999950e-03
1.444171206919999935e-14 6.626412265099999728e-18 1.556282889360000062e-11 1.000000000000000000e+00 9.999999998799999901e-01 1.000000000000000000e+00 2.399151011100000155e-11 1.000000000000000000e+00 7.391128270829999957e-62 1.000000000000000000e+00
1.000000000000000000e+00 1.000000000000000000e+00 1.000000000000000000e+00 7.787505530710000738e-43 1.000000000000000000e+00 1.239916785660000060e-16 1.000000000000000000e+00 1.243063530049999990e-67 1.000000000000000000e+00 1.598762698750000046e-41
5.353199051110000460e-07 6.544058989060000059e-11 6.733638162339999473e-24 1.373860872220000147e-20 9.999999995170000266e-01 1.000000000000000000e+00 4.878296216730000114e-03 1.703188729420000073e-88 5.016094339419999531e-32 4.628587637630000259e-12
4.134498603060000112e-25 1.000000000000000000e+00 1.301025825660000105e-16 8.161024692120000066e-38 1.000000000000000000e+00 1.000000000000000000e+00 1.999944082310000018e-45 1.000000000000000000e+00 1.000000000000000000e+00 8.576521460930000007e-01
1.000000000000000000e+00 9.999999982539999888e-01 1.000000000000000000e+00 1.000000000000000000e+00 1.000000000000000000e+00 1.000000000000000000e+00 1.000000000000000000e+00 9.998504382849999761e-01 1.000000000000000000e+00 1.000000000000000000e+00
1.000000000000000000e+00 1.000000000000000000e+00 3.237145530950000113e-15 1.000000000000000000e+00 1.306898934410000073e-15 1.318201625480000075e-25 1.000000000000000000e+00 1.000000000000000000e+00 1.000000000000000000e+00 2.933456773850000032e-01
4.218131346309999978e-37 5.811428594380000518e-35 2.551754936439999856e-18 6.093962822000000320e-26 1.889519262979999895e-40 9.242265446880000542e-42 1.613365265740000063e-36 1.000000000000000000e+00 1.000000000000000000e+00 1.000000000000000000e+00
