1.000000000000000000e+00 1.000000000000000000e+00 4.004674470220000008e-13 1.000000000000000000e+00 8.980947255430000019e-71 9.999999771149999939e-01 1.000000000000000000e+00 9.961421719129999886e-58 1.000000000000000000e+00 2.346920295230000078e-02
1.660076518949999963e-40 1.000000000000000000e+00 8.986182056740000474e-21 1.000000000000000000e+00 5.913092126450000210e-09 3.488227064709999738e-21 1.269244870450000043e-22 3.121314860119999855e-33 1.476660650580000116e-44 6.340596633699999707e-01
1.000000000000000000e+00 3.951652186069999860e-49 1.000000000000000000e+00 1.000000000000000000e+00 4.393930270080000038e-29 1.135861808080000060e-17 6.952722789010000024e-40 1.321264919220000043e-07 1.000000000000000000e+00 1.000000000000000000e+00
2.108483466029999922e-47 1.000000000000000000e+00 1.000000000000000000e+00 9.049455267110000439e-30 1.000000000000000000e+00 1.000000000000000000e+00 7.093698776190000138e-03 1.000000000000000000e+00 1.000000000000000000e+00 1.558471284650000021e-28
1.000000000000000000e+00 1.000000000000000000e+00 5.212208209739999917e-58 1.000000000000000000e+00 1.000000000000000000e+00 3.526016614099999967e-13 5.646506057879999707e-01 1.000000000000000000e+00 1.000000000000000000e+00 1.000000000000000000e+00
9.999999998780000343e-01 1.000000000000000000e+00 1.000000000000000000e+00 1.000000000000000000e+00 1.000000000000000000e+00 1.000000000000000000e+00 1.000000000000000000e+00 1.000000000000000000e+00 6.718393583589999709e-87 1.000000000000000000e+00
6.398856947919999427e-02 1.955423891939999947e-33 5.110910789909999782e-50 2.504435400780000168e-74 1.075759730240000025e-44 1.832831478940000075e-37 1.664190486159999944e-34 4.597722128920000377e-13 4.683918112900000210e-30 4.575586273359999895e-12
1.000000000000000000e+00 2.216152547300000114e-94 9.999410012870000308e-01 5.353520901500000386e-51 2.216522953669999851e-02 1.000000000000000000e+00 1.000000000000000000e+00 1.000000000000000000e+00 1.000000000000000000e+00 1.000000000000000000e+00
8.580923836980000181e-47 2.773682391259999856e-52 1.000000000000000000e+00 1.278102953840000019e-15 1.000000000000000000e+00 1.000000000000000000e+00 1.000000000000000000e+00 1.168426899539999935e-44 6.913861499429999867e-20 1.209823396590000034e-30
1.687073035749999935e-38 6.073009150609999696e-105 3.378873270130000254e-32 1.000000000000000000e+00 1.000000000000000000e+00 2.724748973470000142e-20 3.468146328480000192e-23 1.000000000000000000e+00 2.537261786450000029e-43 1.000000000000000000e+00
