1.726248666429999918e-09 7.609045844179999908e-29 1.097461815010000089e-12 1.000000000000000000e+00 1.000000000000000000e+00 1.000000000000000000e+00 2.687717458120000115e-41 1.000000000000000000e+00 1.000000000000000000e+00 1.000000000000000000e+00
9.733047289619999349e-12 4.013960336639999891e-36 9.628932485969999844e-01 9.143467570150000484e-49 1.000000000000000000e+00 1.741168908480000099e-32 1.000000000000000000e+00 1.000000000000000000e+00 1.000000000000000000e+00 4.893265055850000006e-59
2.860542866929999862e-08 1.000000000000000000e+00 2.386425495330000060e-23 2.778863159979999910e-39 1.471069203419999964e-15 1.000000000000000000e+00 4.492588784400000028e-55 1.880753496680000058e-23 6.027589222379999919e-06 3.815176693149999846e-53
3.496458180919999714e-21 2.969151562469999806e-19 1.003840199479999940e-23 1.000000000000000000e+00 1.428342123310000049e-51 2.023497122950000010e-36 1.581597180140000040e-43 1.955634025160000000e-39 9.999999999880000434e-01 1.000000000000000000e+00
1.000000000000000000e+00 1.000000000000000000e+00 1.000000000000000000e+00 1.000000000000000000e+00 1.000000000000000000e+00 2.935078876360000068e-27 1.000000000000000000e+00 1.000000000000000000e+00 1.000000000000000000e+00 1.000000000000000000e+00
1.000000000000000000e+00 4.688158604259999669e-58 1.000000000000000000e+00 2.030857175489999999e-44 5.317616200480000151e-21 1.000000000000000000e+00 1.000000000000000000e+00 9.999999985190000107e-01 1.000000000000000000e+00 8.648267332279999368e-61
9.763534802719999739e-01 1.000000000000000000e+00 9.999847885499999478e-01 9.430456845719999305e-28 1.032484836430000009e-17 8.571969424499999929e-36 1.000000000000000000e+00 1.158934132900000047e-35 1.047496506570000064e-32 3.991634553889999814e-35
1.550351167580000018e-11 1.299174153189999887e-60 1.036734428630000035e-16 9.163019948980000198e-47 1.000000000000000000e+00 2.829188009870000058e-03 8.334172308490000058e-56 1.000000000000000000e+00 3.657861701510000093e-64 1.223816832660000027e-52
2.350639921500000118e-01 1.000000000000000000e+00 1.558157665549999996e-03 1.000000000000000000e+00 1.000000000000000000e+00 1.000000000000000000e+00 9.999999979150000495e-01 1.000000000000000000e+00 2.641976380470000105e-52 1.000000000000000000e+00
1.000000000000000000e+00 1.000000000000000000e+00 1.000000000000000000e+00 1.000000000000000000e+00 1.504812838350000109e-41 1.000000000000000000e+00 1.000000000000000000e+00 2.436985965110000101e-37 1.000000000000000000e+00 1.000000000000000000e+00
