1.000000000000000000e+00 1.000000000000000000e+00 1.000000000000000000e+00 6.443366101320000331e-14 7.937734321229999665e-29 1.000000000000000000e+00 1.000000000000000000e+00 3.029577818009999900e-66 1.000000000000000000e+00 9.999999869029999600e-01
3.321492831559999829e-29 1.048475639419999906e-03 1.647528768210000079e-17 3.320732410579999833e-31 1.627482025690000002e-54 1.071306625700000060e-84 1.326252700080000060e-30 3.265872952900000110e-06 4.823560377930000247e-39 3.396252739289999797e-26
9.998694328230000039e-01 1.000000000000000000e+00 9.997924762609999849e-01 1.000000000000000000e+00 1.000000000000000000e+00 1.000000000000000000e+00 1.000000000000000000e+00 1.000000000000000000e+00 1.000000000000000000e+00 9.999999998980000360e-01
1.000000000000000000e+00 1.000000000000000000e+00 1.000000000000000000e+00 9.580773438970000676e-30 1.000000000000000000e+00 8.498256223629999890e-26 1.000000000000000000e+00 1.000000000000000000e+00 5.110811744139999702e-41 1.752258849910000135e-08
8.929520358929999764e-39 2.035836123649999897e-25 1.859158595880000168e-18 9.999996347280000197e-01 1.000000000000000000e+00 1.000000000000000000e+00 4.744087337169999513e-44 1.000000000000000000e+00 8.539321873729999932e-44 3.395672477470000094e-22
1.000000000000000000e+00 6.578166993580000547e-23 1.000000000000000000e+00 1.000000000000000000e+00 2.990708460580000008e-13 1.033459186160000025e-37 1.000000000000000000e+00 5.098644921200000080e-73 3.132868075269999998e-55 1.000000000000000000e+00
1.915671420089999991e-34 3.462802825669999904e-09 4.964125659620000358e-53 1.019111535369999992e-12 1.587548283560000099e-19 1.000000000000000000e+00 9.752507043429999972e-12 3.899095676140000290e-05 1.000000000000000000e+00 1.336425569090000002e-19
1.542684437059999939e-31 4.222669249729999898e-18 1.233675078600000033e-31 9.997333508389999457e-01 1.000000000000000000e+00 3.935831778710000213e-72 2.037380620650000070e-28 5.761743419270000263e-54 1.000000000000000000e+00 1.133828858700000107e-16
1.000000000000000000e+00 1.757862245819999996e-79 1.000000000000000000e+00 4.037605101619999859e-01 1.951146336519999830e-74 1.000000000000000000e+00 9.999906396009999865e-01 1.000000000000000000e+00 1.000000000000000000e+00 9.999999988269999696e-01
9.999999999909999771e-01 1.000000000000000000e+00 1.463534848399999921e-01 1.000000000000000000e+00 7.258991887010000088e-01 5.999047195369999655e-144 1.000000000000000000e+00 1.000000000000000000e+00 1.000000000000000000e+00 1.000000000000000000e+00
