1.000000000000000000e+00 1.000000000000000000e+00 1.151141712420000011e-32 1.356903051239999933e-52 6.992324794060000279e-20 1.000000000000000000e+00 1.000000000000000000e+00 4.203008091720000116e-13 1.000000000000000000e+00 1.000000000000000000e+00
1.000000000000000000e+00 8.569292376729999135e-28 1.000000000000000000e+00 1.000000000000000000e+00 4.035629806669999864e-33 1.000000000000000000e+00 9.986932566770000408e-01 2.146470900239999891e-39 1.000000000000000000e+00 1.000000000000000000e+00
1.000000000000000000e+00 7.490285788120000250e-28 1.027786481679999964e-43 4.167260399699999766e-22 4.876122505360000372e-21 9.999999996520000378e-01 2.591656607979999981e-14 2.292662848980000108e-19 1.135936655680000004e-114 1.043792234940000044e-23
1.000000000000000000e+00 1.000000000000000000e+00 1.729865716829999858e-08 1.000000000000000000e+00 1.000000000000000000e+00 3.191345761620000022e-46 1.000000000000000000e+00 1.000000000000000000e+00 1.000000000000000000e+00 1.358102844390000070e-34
3.961679265429999819e-01 9.999999397350000097e-01 1.000000000000000000e+00 1.807127820259999962e-01 1.000000000000000000e+00 1.000000000000000000e+00 8.915792179770000393e-04 1.000000000000000000e+00 1.000000000000000000e+00 1.000000000000000000e+00
5.361128507079999839e-68 2.641743699789999862e-22 1.000000000000000000e+00 1.367280980870000093e-06 1.999258815960000016e-20 4.841385069710000266e-01 3.973749541460000273e-37 1.466390264639999946e-19 1.226973820300000051e-39 2.186262933719999986e-18
3.018872682510000197e-71 8.516225809529999469e-02 1.423586469340000048e-35 9.999699490419999837e-01 1.000000000000000000e+00 1.000000000000000000e+00 5.658147414730000398e-37 1.000000000000000000e+00 3.675850508289999778e-35 1.000000000000000000e+00
9.970811213589999555e-01 1.000000000000000000e+00 1.000000000000000000e+00 5.204847116489999543e-44 9.999999999990000221e-01 2.945370784809999902e-70 1.000000000000000000e+00 1.000000000000000000e+00 1.122513611879999964e-34 5.614537324259999522e-57
2.791666141690000001e-18 1.172298706550000044e-33 6.612651126150000189e-07 9.999999999809999762e-01 2.906474940579999893e-09 4.860674890329999706e-64 2.407643192819999898e-24 9.562031145679999477e-18 1.000000000000000000e+00 8.408430000059999325e-43
1.000000000000000000e+00 9.999996121099999913e-01 1.000000000000000000e+00 1.000000000000000000e+00 1.000000000000000000e+00 1.000000000000000000e+00 1.000000000000000000e+00 1.000000000000000000e+00 5.459120817009999836e-257 1.000000000000000000e+00
