1.000000000000000000e+00 1.000000000000000000e+00 1.360803313619999894e-57 9.999999710679999820e-01 1.000000000000000000e+00 1.000000000000000000e+00 2.070962137009999922e-54 1.000000000000000000e+00 5.445230620120000268e-38 1.000000000000000000e+00
2.918360954599999862e-19 1.000000000000000000e+00 1.000000000000000000e+00 1.000000000000000000e+00 1.000000000000000000e+00 1.000000000000000000e+00 3.924081450220000056e-20 1.000000000000000000e+00 1.000000000000000000e+00 2.566568192079999999e-54
9.978512282129999564e-37 1.000000000000000000e+00 9.999999997599999801e-01 5.161497854740000060e-33 1.000000000000000000e+00 1.000000000000000000e+00 1.000000000000000000e+00 1.000000000000000000e+00 8.061415875400000276e-43 8.213273873950000312e-39
1.000000000000000000e+00 1.042954264650000005e-19 1.000000000000000000e+00 5.816488571739999605e-06 4.168335996410000227e-33 1.000000000000000000e+00 1.000000000000000000e+00 1.130670795029999971e-30 1.000000000000000000e+00 1.000000000000000000e+00
1.000000000000000000e+00 2.290464218479999952e-34 1.000000000000000000e+00 5.635751126669999991e-27 2.010234091430000148e-36 2.909951953370000142e-114 1.500970258790000067e-01 6.509918404949999763e-28 4.638595139020000175e-34 3.779876217990000116e-10
3.259105414780000235e-17 1.748595866470000147e-36 1.089426990700000071e-54 3.379424418100000115e-33 5.749426432849999825e-44 1.000000000000000000e+00 4.214691658180000370e-34 1.171306891599999967e-40 3.851833765910000182e-26 4.457151041129999989e-32
1.000000000000000000e+00 1.000000000000000000e+00 1.634884346820000141e-30 9.999780280100000196e-01 1.000000000000000000e+00 1.560292173740000071e-34 1.000000000000000000e+00 1.000000000000000000e+00 1.000000000000000000e+00 1.000000000000000000e+00
3.693554269029999934e-76 3.284194062310000033e-68 9.999999999980000442e-01 1.000000000000000000e+00 6.514064097030000556e-110 5.701445844499999915e-02 2.533969207469999874e-01 4.672035203100000303e-72 1.025370477309999956e-34 1.000000000000000000e+00
3.600492046930000023e-01 1.069625103439999987e-47 3.167021842970000060e-31 9.998821447119999872e-01 3.379725248930000238e-60 3.839625651209999870e-79 1.000000000000000000e+00 4.788521423750000458e-41 1.000000000000000000e+00 9.225561382769999651e-53
1.000000000000000000e+00 1.000000000000000000e+00 1.000000000000000000e+00 1.000000000000000000e+00 1.000000000000000000e+00 1.000000000000000000e+00 1.000000000000000000e+00 1.000000000000000000e+00 1.316412403990000100e-50 1.000000000000000000e+00
