1.489752329329999930e-21 1.000000000000000000e+00 1.000000000000000000e+00 8.856506827049999738e-24 3.134034305550000236e-08 1.000000000000000000e+00 1.000000000000000000e+00 1.000000000000000000e+00 1.000000000000000000e+00 2.156278221070000156e-34
2.924251818640000167e-02 1.870594284700000159e-36 1.269724565560000043e-22 1.000000000000000000e+00 1.000000000000000000e+00 1.000000000000000000e+00 3.127274013569999922e-20 8.706183602970000496e-12 6.320265893779999626e-33 1.000000000000000000e+00
9.999040973739999894e-01 1.000000000000000000e+00 3.559108332220000115e-01 1.000000000000000000e+00 9.999999552910000533e-01 6.454291012369999663e-110 1.000000000000000000e+00 1.000000000000000000e+00 1.000000000000000000e+00 1.000000000000000000e+00
1.048873918560000070e-18 4.863997526379999935e-11 1.000000000000000000e+00 5.126918187560000074e-24 1.494950842029999973e-31 2.597965892349999788e-59 9.999999999990000221e-01 9.592432278990000184e-08 3.452020028629999948e-82 2.208853265790000070e-26
1.000000000000000000e+00 1.000000000000000000e+00 1.000000000000000000e+00 1.000000000000000000e+00 1.000000000000000000e+00 1.000000000000000000e+00 1.000000000000000000e+00 9.999998374330000273e-01 1.000000000000000000e+00 1.000000000000000000e+00
9.999592644870000102e-01 1.606021489719999997e-12 1.000000000000000000e+00 1.000000000000000000e+00 1.000000000000000000e+00 2.304997126150000173e-53 1.000000000000000000e+00 4.534934347660000194e-05 5.587103314910000231e-58 1.000000000000000000e+00
6.135075623250000434e-25 3.315271305479999772e-36 2.124365302829999989e-36 9.885694832550000477e-01 1.623153715560000026e-37 1.000000000000000000e+00 3.649568515650000199e-35 6.465975739510000021e-24 1.000000000000000000e+00 5.976102654059999867e-14
1.000000000000000000e+00 1.000000000000000000e+00 5.970226713959999878e-06 7.607194557630000295e-22 1.196697724160000021e-33 1.000000000000000000e+00 7.539634818750000206e-25 2.730050550899999783e-32 1.193767029659999943e-48 1.000000000000000000e+00
9.993963496259999912e-01 1.313318459820000084e-125 1.000000000000000000e+00 7.605930230199999873e-09 8.941383588810000485e-06 1.000000000000000000e+00 1.000000000000000000e+00 1.000000000000000000e+00 1.000000000000000000e+00 2.077267439840000184e-06
1.664639976490000140e-29 1.000000000000000000e+00 1.065467159119999997e-13 3.496670760400000020e-06 9.999999971530000309e-01 1.530641761780000014e-56 9.082841846939999785e-33 2.916385395230000004e-52 1.000000000000000000e+00 7.422846661830000040e-30
