1.000000000000000000e+00 1.000000000000000000e+00 3.746287337100000230e-18 1.000000000000000000e+00 9.999999999990000221e-01 5.824767141320000429e-97 4.339314724669999713e-18 9.922233491199999866e-01 1.000000000000000000e+00 1.000000000000000000e+00
6.475652796409999724e-03 6.501423257669999772e-19 2.176111061190000139e-23 1.766089799640000074e-22 8.322426066819999436e-64 1.629349518090000127e-54 1.993264629929999855e-18 9.020256911439999971e-44 3.987747672570000231e-14 1.000000000000000000e+00
1.000000000000000000e+00 1.000000000000000000e+00 1.000000000000000000e+00 1.000000000000000000e+00 1.000000000000000000e+00 1.000000000000000000e+00 1.000000000000000000e+00 1.000000000000000000e+00 1.888504588060000108e-39 1.000000000000000000e+00
1.000000000000000000e+00 1.290379066589999987e-34 1.000000000000000000e+00 3.409694774069999983e-28 4.793468504060000158e-68 1.000000000000000000e+00 1.000000000000000000e+00 4.697199122769999753e-43 1.000000000000000000e+00 1.000000000000000000e+00
1.488642343939999909e-13 7.487469699290000280e-01 1.382356986719999952e-10 1.000000000000000000e+00 1.000000000000000000e+00 1.000000000000000000e+00 5.758986188230000068e-07 1.000000000000000000e+00 1.000000000000000000e+00 1.000000000000000000e+00
1.000000000000000000e+00 1.000000000000000000e+00 1.000000000000000000e+00 1.000000000000000000e+00 2.629361041709999942e-80 8.217368191949999678e-01 1.000000000000000000e+00 3.786409885010000016e-49 9.849490747820000003e-01 8.443498626180000325e-50
8.382754982030000198e-05 2.312626502059999986e-20 7.572309250439999864e-33 1.950091797879999927e-10 3.170369234769999756e-45 1.000000000000000000e+00 1.380126665510000025e-13 5.854225313029999872e-24 1.479770674679999996e-31 1.482430059910000017e-40
5.802318344120000205e-18 3.035255512829999994e-32 9.999571825040000084e-01 1.000000000000000000e+00 1.000000000000000000e+00 5.460267898060000447e-44 9.999998843820000483e-01 1.000000000000000000e+00 9.289208815480000238e-23 4.664096223430000086e-47
1.226437489100000019e-18 1.000000000000000000e+00 1.067776423289999975e-54 3.480508977509999894e-12 1.000000000000000000e+00 1.000000000000000000e+00 1.922000561629999988e-42 1.000000000000000000e+00 1.000000000000000000e+00 5.786419141709999661e-73
9.873773863789999661e-01 1.350129360069999906e-21 1.000000000000000000e+00 5.422210803459999935e-24 1.000000000000000000e+00 1.893216669410000038e-81 1.000000000000000000e+00 1.000000000000000000e+00 1.000000000000000000e+00 1.000000000000000000e+00
