5.061757502460000017e-95 1.000000000000000000e+00 1.977895963499999969e-34 5.258478436949999806e-07 3.622047279939999975e-01 1.000000000000000000e+00 1.633726821800000085e-30 9.999999999969999553e-01 1.044360857659999921e-05 3.712090489890000188e-32
6.096566324029999548e-47 4.353919087120000173e-32 6.047200146850000303e-71 1.000000000000000000e+00 7.226421622629999965e-08 2.129018470209999845e-45 1.872778446740000037e-63 4.839606065909999866e-01 1.000000000000000000e+00 1.000000000000000000e+00
8.253680464280000520e-85 5.648060703200000286e-39 1.000000000000000000e+00 5.191292441539999770e-14 1.000000000000000000e+00 1.000000000000000000e+00 1.000000000000000000e+00 1.000000000000000000e+00 1.000000000000000000e+00 9.998036806800000287e-01
1.000000000000000000e+00 1.000000000000000000e+00 1.399020146030000017e-208 2.906847405430000059e-30 1.879923372850000107e-46 4.975506765440000403e-09 6.942806778239999962e-145 3.429980304499999961e-37 9.334944659329999203e-12 6.457693119779999912e-12
1.841442575010000095e-94 1.000000000000000000e+00 1.000000000000000000e+00 2.387099864889999966e-23 1.768731348980000051e-30 3.448529860289999892e-23 1.000000000000000000e+00 1.364895464919999962e-21 1.820999109219999858e-76 1.000000000000000000e+00
1.000000000000000000e+00 2.365999796319999916e-79 2.970805560780000256e-32 2.389657894159999962e-01 1.000000000000000000e+00 1.000000000000000000e+00 6.719371977940000395e-28 9.999997762250000255e-01 6.656144716879999561e-48 2.564767342699999830e-34
1.000000000000000000e+00 1.000000000000000000e+00 9.999999981539999805e-01 1.000000000000000000e+00 6.205876835889999610e-01 1.000000000000000000e+00 9.999999980089999685e-01 1.000000000000000000e+00 1.000000000000000000e+00 1.000000000000000000e+00
1.000000000000000000e+00 1.000000000000000000e+00 2.207697200600000076e-01 1.000000000000000000e+00 1.000000000000000000e+00 2.760014383319999937e-39 9.990665216730000298e-01 1.000000000000000000e+00 3.972355020889999962e-45 1.000000000000000000e+00
1.000000000000000000e+00 3.993925963609999713e-102 1.000000000000000000e+00 1.000000000000000000e+00 6.021139519469999993e-33 1.000000000000000000e+00 1.000000000000000000e+00 1.457554803959999909e-06 1.000000000000000000e+00 1.000000000000000000e+00
1.000000000000000000e+00 1.000000000000000000e+00 1.000000000000000000e+00 5.060029929759999638e-15 6.361167366159999724e-08 1.807320757239999937e-20 1.000000000000000000e+00 4.006432416800000195e-15 9.999999999919999549e-01 1.683300830160000060e-61
