1.000000000000000000e+00 1.720963307450000091e-20 1.000000000000000000e+00 1.000000000000000000e+00 2.905886440590000195e-37 1.000000000000000000e+00 1.000000000000000000e+00 2.092335094780000068e-41 1.000000000000000000e+00 1.000000000000000000e+00
9.332653971100000057e-01 1.000000000000000000e+00 5.470023565980000058e-01 3.921425651250000219e-11 1.000000000000000000e+00 1.000000000000000000e+00 1.000000000000000000e+00 9.239514658240000436e-56 1.000000000000000000e+00 1.447567220580000070e-27
1.000000000000000000e+00 5.686184179069999999e-24 1.000000000000000000e+00 2.283034025590000016e-01 3.037462546210000156e-35 4.795577797440000110e-46 1.000000000000000000e+00 1.000000000000000000e+00 1.000000000000000000e+00 3.747350277480000070e-54
1.000000000000000000e+00 1.000000000000000000e+00 1.000000000000000000e+00 1.000000000000000000e+00 1.000000000000000000e+00 1.000000000000000000e+00 1.000000000000000000e+00 1.000000000000000000e+00 3.151758225899999961e-25 1.000000000000000000e+00
2.586103764949999924e-50 1.517177923580000070e-21 1.865901000150000035e-63 1.633147409659999961e-18 1.634966414430000048e-16 7.077228477490000393e-65 4.361967241690000067e-39 2.175953949849999996e-45 1.000000000000000000e+00 1.000000000000000000e+00
1.000000000000000000e+00 1.000000000000000000e+00 1.000000000000000000e+00 1.000000000000000000e+00 1.000000000000000000e+00 1.886846241900000118e-85 1.000000000000000000e+00 1.000000000000000000e+00 1.000000000000000000e+00 1.000000000000000000e+00
4.971719759240000208e-83 1.846940367070000022e-07 2.012150695359999854e-121 1.000000000000000000e+00 1.000000000000000000e+00 1.000000000000000000e+00 5.807031266949999610e-73 1.000000000000000000e+00 1.751775131520000028e-01 9.999999377549999569e-01
9.999952943519999637e-01 1.000000000000000000e+00 9.999999875789999937e-01 2.629904712099999866e-30 1.000000000000000000e+00 1.247078312499999934e-56 3.043367231249999860e-01 1.000000000000000000e+00 1.456397424509999903e-37 3.897747790160000053e-27
1.000000000000000000e+00 1.206285252699999896e-16 1.000000000000000000e+00 1.000000000000000000e+00 6.676500611369999577e-27 2.421935448429999917e-120 9.988148046889999687e-01 1.064004471760000030e-33 7.778853478780000166e-50 1.000000000000000000e+00
1.200661899109999929e-11 2.648032008640000231e-35 1.263275523470000001e-14 2.400327476549999816e-15 2.839133239670000127e-33 1.000000000000000000e+00 3.237962403550000151e-31 3.230508951470000271e-26 9.821456817649999527e-59 2.141540955919999921e-56
