1.000000000000000000e+00 1.000000000000000000e+00 1.000000000000000000e+00 1.000000000000000000e+00 1.327732412890000024e-39 2.099154818370000010e-57 1.000000000000000000e+00 2.816433877100000052e-02 3.977206878109999969e-12 1.000000000000000000e+00
9.999999992879999855e-01 1.000000000000000000e+00 1.000000000000000000e+00 1.357492313139999917e-16 6.511789782769999790e-55 1.000000000000000000e+00 1.000000000000000000e+00 1.315123040089999940e-08 6.292979295570000353e-01 1.000000000000000000e+00
7.735146606170000440e-13 2.419801916169999963e-30 1.000000000000000000e+00 1.655297963489999984e-09 1.000000000000000000e+00 1.285290016330000067e-26 1.000000000000000000e+00 1.000000000000000000e+00 4.573806542430000233e-18 7.518092384360000407e-06
1.719386617600000116e-26 6.037755365510000377e-31 4.015475225659999865e-24 1.855367249399999942e-19 1.000000000000000000e+00 1.000000000000000000e+00 1.245631682579999944e-28 9.999855524349999802e-01 1.000000000000000000e+00 6.513705171339999734e-16
1.000000000000000000e+00 1.000000000000000000e+00 1.072421101089999953e-13 1.000000000000000000e+00 1.000000000000000000e+00 3.489102843460000047e-46 3.368262008030000139e-26 1.000000000000000000e+00 1.000000000000000000e+00 9.999999857850000451e-01
5.078889657579999610e-15 7.896140172980000348e-69 1.000000000000000000e+00 1.751876585000000097e-01 4.826336447600000146e-34 1.000000000000000000e+00 1.000000000000000000e+00 1.000000000000000000e+00 1.000000000000000000e+00 5.809843918270000129e-01
1.852801468679999841e-18 5.938417488119999674e-06 6.064466447260000104e-47 1.197998769040000030e-26 1.845463667349999996e-44 7.639423614869999603e-27 1.509474585739999892e-78 2.971005315769999905e-24 1.962597593069999969e-40 4.343955283410000300e-06
1.000000000000000000e+00 1.000000000000000000e+00 1.867835669559999871e-42 1.000000000000000000e+00 4.658990989589999754e-53 1.000000000000000000e+00 1.431649745620000078e-61 3.115600554950000123e-08 6.415781249669999520e-01 2.244114511279999804e-31
1.000000000000000000e+00 1.000000000000000000e+00 1.197406440610000067e-18 1.000000000000000000e+00 1.000000000000000000e+00 1.000000000000000000e+00 9.511842590840000575e-36 9.999999999709999754e-01 1.000000000000000000e+00 1.000000000000000000e+00
1.000000000000000000e+00 1.000000000000000000e+00 1.000000000000000000e+00 5.545111274239999943e-01 1.000000000000000000e+00 1.000000000000000000e+00 1.000000000000000000e+00 9.999999999169999487e-01 6.644254550159999839e-24 1.000000000000000000e+00
