1.000000000000000000e+00 2.254418981289999987e-36 5.825189449580000360e-25 1.000000000000000000e+00 2.804246621849999754e-32 1.000000000000000000e+00 1.248409448210000119e-44 1.194597545300000008e-29 1.000000000000000000e+00 1.650879056470000023e-36
4.550523050099999737e-42 1.948419378070000121e-30 1.000000000000000000e+00 2.547642954179999831e-13 1.000000000000000000e+00 7.039133590020000040e-37 8.914697455139999883e-16 1.000000000000000000e+00 9.102156854959999618e-40 1.078598422519999981e-13
2.816273418799999940e-42 1.000000000000000000e+00 5.192269733640000019e-45 1.030934068210000026e-28 1.000000000000000000e+00 4.479456237350000218e-39 1.616085157770000003e-01 1.000000000000000000e+00 1.000000000000000000e+00 6.304238931889999754e-15
1.000000000000000000e+00 1.000000000000000000e+00 1.000000000000000000e+00 1.000000000000000000e+00 1.000000000000000000e+00 1.000000000000000000e+00 4.730761938709999928e-14 1.000000000000000000e+00 3.886514399600000113e-44 6.262152587139999671e-01
1.000000000000000000e+00 1.000000000000000000e+00 1.000000000000000000e+00 1.000000000000000000e+00 4.474841359699999673e-68 1.000000000000000000e+00 1.000000000000000000e+00 1.193959679429999964e-77 1.000000000000000000e+00 1.000000000000000000e+00
1.000000000000000000e+00 7.283209146509999539e-20 2.614752121769999890e-123 1.000000000000000000e+00 1.000000000000000000e+00 1.000000000000000000e+00 1.000000000000000000e+00 1.000000000000000000e+00 8.485488497170000187e-36 1.000000000000000000e+00
1.603519866409999945e-55 9.125947248750000407e-01 1.000000000000000000e+00 1.000000000000000000e+00 1.000000000000000000e+00 1.178505011449999934e-49 1.000000000000000000e+00 1.000000000000000000e+00 1.000000000000000000e+00 1.000000000000000000e+00
1.000000000000000000e+00 1.000000000000000000e+00 9.410244177740000322e-27 1.116772942490000036e-50 7.148983738660000219e-37 1.000000000000000000e+00 6.724855158310000131e-13 8.955161499940000464e-42 2.046605362489999906e-53 1.764171076160000016e-23
1.000000000000000000e+00 9.983395487199999696e-01 1.000000000000000000e+00 1.522115952080000029e-42 1.000000000000000000e+00 1.000000000000000000e+00 1.000000000000000000e+00 1.000000000000000000e+00 1.000000000000000000e+00 9.999999483710000359e-01
7.173899358620000179e-59 2.327360890989999903e-05 7.280076046120000298e-28 8.538657919780000549e-01 1.354489494410000051e-56 2.567178659869999923e-60 1.000000000000000000e+00 1.271804279600000102e-68 3.028273649859999813e-43 1.000000000000000000e+00
