2.654714847939999950e-26 1.660544719549999887e-47 1.000000000000000000e+00 1.000000000000000000e+00 1.000000000000000000e+00 1.000000000000000000e+00 2.294201570270000017e-38 1.000000000000000000e+00 1.000000000000000000e+00 2.700281973560000147e-46
1.000000000000000000e+00 1.000000000000000000e+00 1.000000000000000000e+00 5.210578648720000320e-25 6.867298829600000323e-35 1.955360935050000029e-64 9.882842646370000517e-13 8.069079410480000409e-19 1.000000000000000000e+00 3.612623688190000016e-11
1.000000000000000000e+00 2.253536384440000036e-41 1.000000000000000000e+00 1.409127193110000076e-17 7.458229029969999977e-26 1.000000000000000000e+00 1.000000000000000000e+00 9.999999999990000221e-01 9.369964377470000495e-41 1.000000000000000000e+00
4.247018964430000207e-47 1.000000000000000000e+00 2.629554151280000251e-01 1.020818811340000064e-04 1.000000000000000000e+00 1.000000000000000000e+00 9.987798453099999696e-01 9.045977277949999836e-29 3.474272201659999899e-68 2.298391211210000063e-08
2.070163229039999847e-24 4.249001430839999705e-39 1.419007029789999949e-62 9.960406353209999564e-01 3.301606424410000154e-16 7.545413518210000265e-52 4.730698972000000162e-14 2.746962122539999964e-14 1.000000000000000000e+00 2.384960645949999906e-11
1.000000000000000000e+00 1.000000000000000000e+00 1.000000000000000000e+00 1.000000000000000000e+00 1.000000000000000000e+00 1.000000000000000000e+00 1.000000000000000000e+00 1.000000000000000000e+00 1.000000000000000000e+00 1.000000000000000000e+00
1.000000000000000000e+00 9.999984079200000542e-01 2.012260615259999992e-35 4.592477588190000039e-54 1.045894610849999971e-66 1.000000000000000000e+00 1.621824976000000030e-54 4.556799542719999758e-25 5.588387076619999974e-29 2.478757056399999843e-49
2.379557500170000114e-29 8.654980287440000171e-37 9.999999992779999847e-01 4.553719459710000028e-01 2.934766563849999896e-04 2.574687684510000173e-115 1.000000000000000000e+00 3.212828365990000068e-11 2.033172097830000107e-55 1.000000000000000000e+00
1.000000000000000000e+00 6.356165642810000187e-12 2.041403607710000076e-35 1.000000000000000000e+00 1.000000000000000000e+00 1.000000000000000000e+00 1.000000000000000000e+00 1.000000000000000000e+00 1.000000000000000000e+00 1.000000000000000000e+00
1.000000000000000000e+00 1.000000000000000000e+00 1.283249260239999996e-37 1.000000000000000000e+00 9.999999999990000221e-01 5.540659237539999979e-179 1.000000000000000000e+00 9.999961988519999734e-01 1.000000000000000000e+00 1.000000000000000000e+00
