1.000000000000000000e+00 1.534157758530000097e-06 1.000000000000000000e+00 1.000000000000000000e+00 4.261799517380000018e-36 1.000000000000000000e+00 1.000000000000000000e+00 6.941632254499999468e-14 1.867677551399999984e-56 1.266970129019999904e-53
1.000000000000000000e+00 1.000000000000000000e+00 1.000000000000000000e+00 1.000000000000000000e+00 1.000000000000000000e+00 1.000000000000000000e+00 1.000000000000000000e+00 1.000000000000000000e+00 1.000000000000000000e+00 1.000000000000000000e+00
6.399663274910000328e-31 1.000000000000000000e+00 3.156369626640000101e-52 1.000000000000000000e+00 9.970403683319999755e-25 2.013918794670000184e-34 3.544302942480000084e-43 1.080242406350000010e-14 9.999902597680000449e-01 1.000000000000000000e+00
2.577177584269999920e-22 4.409334551850000240e-32 9.999996311340000332e-01 6.288373526589999921e-35 2.750456861969999882e-17 1.754125008149999935e-58 9.999999999290000163e-01 2.933724940830000191e-35 1.024212135610000060e-47 5.014961921390000284e-62
1.000000000000000000e+00 1.498426311369999986e-01 1.000000000000000000e+00 1.000000000000000000e+00 1.099531467119999992e-11 6.094123144129999721e-56 1.000000000000000000e+00 3.669884562929999981e-33 1.000000000000000000e+00 1.000000000000000000e+00
9.999999999219999491e-01 2.183079955619999970e-40 5.417209761210000085e-01 6.386884444349999792e-43 1.000000000000000000e+00 1.000000000000000000e+00 1.000000000000000000e+00 1.000000000000000000e+00 1.000000000000000000e+00 1.000000000000000000e+00
2.780148167960000032e-51 1.000000000000000000e+00 2.639022895320000154e-55 6.133114440560000270e-52 1.000000000000000000e+00 6.620741723369999853e-47 5.669415143619999635e-54 1.277828185990000054e-16 9.999991677070000362e-01 3.627600705549999795e-06
1.508311274879999870e-26 1.111014609420000035e-30 1.393661403559999998e-33 1.000000000000000000e+00 1.000000000000000000e+00 1.000000000000000000e+00 1.239285650330000065e-54 1.000000000000000000e+00 9.998442780299999777e-01 1.179877388780000086e-06
1.000000000000000000e+00 1.000000000000000000e+00 1.000000000000000000e+00 4.235998847360000013e-39 1.000000000000000000e+00 1.622537972510000048e-16 1.000000000000000000e+00 1.000000000000000000e+00 1.000000000000000000e+00 9.999990467299999519e-01
1.000000000000000000e+00 1.000000000000000000e+00 5.502263383640000338e-01 1.572932269800000080e-46 2.684731310800000031e-34 1.000000000000000000e+00 2.127337692979999845e-14 1.394053895440000004e-04 8.242371506800000440e-39 3.519726510950000198e-25
