2.438504702889999869e-03 1.000000000000000000e+00 3.681240336140000029e-14 4.218934030320000292e-49 1.000000000000000000e+00 1.000000000000000000e+00 1.079859026479999968e-39 1.000000000000000000e+00 1.000000000000000000e+00 2.302497896699999793e-72
5.216490094810000222e-13 1.000000000000000000e+00 2.519985659099999962e-33 1.000000000000000000e+00 1.000000000000000000e+00 1.000000000000000000e+00 2.534324225150000000e-71 1.000000000000000000e+00 1.009162242180000033e-107 1.000000000000000000e+00
1.000000000000000000e+00 9.697002350550000593e-41 1.000000000000000000e+00 1.000000000000000000e+00 1.000000000000000000e+00 1.000000000000000000e+00 1.000000000000000000e+00 1.000000000000000000e+00 1.366679947719999926e-99 9.999999999930000438e-01
1.000000000000000000e+00 1.000000000000000000e+00 1.000000000000000000e+00 1.000000000000000000e+00 1.000000000000000000e+00 9.999999987619999642e-01 1.000000000000000000e+00 1.000000000000000000e+00 1.000000000000000000e+00 1.000000000000000000e+00
1.518068693420000037e-12 3.905203720159999809e-07 6.642097523010000260e-34 1.000000000000000000e+00 7.364119115170000285e-01 2.339318713989999953e-52 5.132201285530000122e-14 3.164042637910000045e-04 1.000000000000000000e+00 1.000000000000000000e+00
2.863921342350000030e-32 1.000000000000000000e+00 1.000000000000000000e+00 1.000000000000000000e+00 5.898852273770000266e-48 5.854049071490000075e-55 1.000000000000000000e+00 3.843849677820000263e-48 1.576824350129999996e-01 2.049629710620000108e-23
7.423832342080000495e-17 5.807843849840000004e-39 1.000000000000000000e+00 6.820975024910000012e-24 1.000000000000000000e+00 8.044835869419999978e-47 9.987182815809999559e-01 1.000000000000000000e+00 5.465643081479999521e-41 1.839127668710000010e-05
2.851465316270000033e-27 1.053032851619999941e-48 9.720276227719999702e-76 3.560266044950000036e-29 4.187705055130000091e-27 2.815580386369999763e-10 9.428941792710000136e-61 2.977527788919999894e-26 1.724972315139999879e-89 1.408576991899999968e-38
1.000000000000000000e+00 1.000000000000000000e+00 5.114706247620000027e-48 1.182009162130000042e-33 5.075592921610000072e-52 1.000000000000000000e+00 1.000000000000000000e+00 5.671633919990000039e-52 1.057852947889999953e-13 7.429604320500000436e-15
1.000000000000000000e+00 3.752118841930000101e-20 1.000000000000000000e+00 3.974297519630000189e-22 9.878457462080000313e-66 1.000000000000000000e+00 4.724570841400000460e-22 4.428657534890000105e-59 1.000000000000000000e+00 9.999337676059999458e-01
