9.999999998059999617e-01 1.457042780600000029e-49 1.752481647909999996e-01 1.000000000000000000e+00 1.344535225049999941e-42 1.592286089540000029e-03 1.000000000000000000e+00 1.000000000000000000e+00 8.864468141900000431e-01 1.000000000000000000e+00
1.150201095830000048e-01 1.000000000000000000e+00 1.942096519449999983e-31 1.569261323400000084e-31 1.000000000000000000e+00 2.271568340119999836e-18 5.582017912509999861e-65 1.000000000000000000e+00 1.000000000000000000e+00 9.800457128079999692e-31
3.174127487890000119e-26 1.000000000000000000e+00 1.059517811619999954e-47 6.605434244160000024e-01 1.150240847629999915e-15 3.703351241369999902e-24 4.160622209379999572e-31 4.247011754229999852e-88 1.145838205400000046e-17 1.429220932400000051e-05
1.000000000000000000e+00 1.000000000000000000e+00 1.000000000000000000e+00 1.000000000000000000e+00 1.000000000000000000e+00 1.000000000000000000e+00 1.000000000000000000e+00 1.000000000000000000e+00 1.000000000000000000e+00 1.000000000000000000e+00
2.169700892899999876e-42 1.818089087680000029e-07 9.999999872120000077e-01 8.200583599769999715e-52 1.000000000000000000e+00 5.137462718539999624e-09 1.000000000000000000e+00 1.000000000000000000e+00 3.195043537090000077e-79 5.012023913269999849e-36
1.000000000000000000e+00 4.251178054279999848e-42 1.000000000000000000e+00 3.975619246870000019e-38 1.000000000000000000e+00 1.000000000000000000e+00 9.999999999990000221e-01 1.000000000000000000e+00 1.000000000000000000e+00 2.220983375990000088e-30
5.206588558519999622e-04 5.354549753389999841e-93 1.544030115759999840e-05 8.249548895470000254e-01 8.447554183670000509e-26 1.078085614950000104e-03 6.340447650830000020e-62 1.863508587840000028e-38 2.195143554619999930e-06 1.434026009990000128e-01
1.054275514610000002e-36 1.000000000000000000e+00 1.000000000000000000e+00 1.000000000000000000e+00 9.999999999849999988e-01 9.999978658620000127e-01 1.757553712039999904e-42 1.000000000000000000e+00 1.029395194859999938e-45 1.000000000000000000e+00
1.000000000000000000e+00 1.000000000000000000e+00 1.119337753189999957e-08 1.000000000000000000e+00 1.000000000000000000e+00 9.999999998699999892e-01 1.000000000000000000e+00 2.198964416090000025e-139 9.999406297339999972e-01 1.000000000000000000e+00
1.000000000000000000e+00 1.000000000000000000e+00 9.999545589030000015e-01 3.487743446350000020e-40 1.341287815660000094e-53 1.000000000000000000e+00 1.000000000000000000e+00 3.366792211700000236e-76 1.000000000000000000e+00 7.879577721349999923e-33
