1.147290291739999982e-02 1.327358566710000021e-39 1.000000000000000000e+00 1.295989940780000122e-04 1.000000000000000000e+00 4.033141428680000066e-56 3.163218850319999816e-11 1.000000000000000000e+00 1.583372569860000092e-43 7.463171788279999637e-30
1.000000000000000000e+00 1.000000000000000000e+00 1.000000000000000000e+00 1.000000000000000000e+00 1.000000000000000000e+00 1.000000000000000000e+00 1.000000000000000000e+00 1.000000000000000000e+00 1.000000000000000000e+00 1.000000000000000000e+00
1.724832026390000109e-27 1.000000000000000000e+00 1.408064543660000044e-73 9.999999999019999475e-01 1.691738579960000104e-08 2.791886622549999928e-31 1.217726937419999882e-35 1.162925262210000033e-01 1.000000000000000000e+00 1.000000000000000000e+00
9.999999997559999576e-01 1.000000000000000000e+00 2.435610579020000198e-41 1.908748480469999955e-26 7.730931538930000585e-21 1.000000000000000000e+00 1.000000000000000000e+00 1.065145731479999985e-25 1.000000000000000000e+00 1.955168542470000067e-64
3.222955852249999891e-20 4.947335837520000192e-61 9.145119469800000456e-02 1.000000000000000000e+00 1.000000000000000000e+00 1.000000000000000000e+00 1.000000000000000000e+00 1.000000000000000000e+00 1.206414011889999918e-67 1.000000000000000000e+00
8.551618873649999841e-01 8.130271743990000139e-50 8.917586008690000069e-31 7.849072851340000653e-21 6.873871078299999388e-36 5.234988701849999648e-01 6.358104371609999958e-59 4.379441901169999766e-43 2.268915034489999915e-49 1.321725639040000010e-72
9.999999754199999646e-01 1.839759184109999854e-42 1.000000000000000000e+00 1.408604962700000057e-13 4.020024181849999814e-52 1.000000000000000000e+00 1.000000000000000000e+00 1.936544679790000109e-66 8.305165865879999870e-52 9.950431406769999487e-01
1.000000000000000000e+00 1.000000000000000000e+00 1.245501911429999933e-71 1.000000000000000000e+00 1.000000000000000000e+00 3.233084216909999923e-25 1.000000000000000000e+00 1.000000000000000000e+00 1.000000000000000000e+00 1.000000000000000000e+00
1.824842576129999958e-03 1.000000000000000000e+00 1.000000000000000000e+00 4.416916100690000196e-13 1.000000000000000000e+00 1.000000000000000000e+00 1.920768369930000158e-43 1.000000000000000000e+00 1.000000000000000000e+00 1.205658247869999945e-72
5.195022879109999492e-01 1.000000000000000000e+00 1.000000000000000000e+00 1.000000000000000000e+00 1.563833538060000042e-22 1.650332756310000007e-26 4.078560141200000236e-68 2.441438153189999863e-02 1.000000000000000000e+00 1.000000000000000000e+00
