9.999994212420000306e-01 2.785898381909999872e-62 9.999972925550000280e-01 1.000000000000000000e+00 2.204969102740000131e-47 1.000000000000000000e+00 9.999999999990000221e-01 1.000000000000000000e+00 1.000000000000000000e+00 9.999990401039999810e-01
1.000000000000000000e+00 1.000000000000000000e+00 1.000000000000000000e+00 2.475382748920000108e-109 1.062116308320000030e-14 1.000000000000000000e+00 1.000000000000000000e+00 8.858836312239999812e-77 1.000000000000000000e+00 9.999996326110000000e-01
6.288191556640000359e-31 1.822914815609999886e-47 6.583602597689999500e-33 1.523053539989999938e-42 6.775132582140000367e-50 1.080051704229999966e-20 2.530617258220000168e-24 2.889000196650000093e-30 1.947965934100000126e-10 2.903191341340000139e-29
1.441334246009999976e-03 9.160712078819999795e-30 6.630771674019999562e-01 8.261410442120000187e-48 1.000000000000000000e+00 1.000000000000000000e+00 1.275911362090000042e-08 1.000000000000000000e+00 3.816898469610000056e-21 8.021099922729999616e-174
1.000000000000000000e+00 1.000000000000000000e+00 1.000000000000000000e+00 1.000000000000000000e+00 1.000000000000000000e+00 1.000000000000000000e+00 1.000000000000000000e+00 1.000000000000000000e+00 2.062187845790000029e-01 1.000000000000000000e+00
2.092532789260000121e-27 8.634973725039999674e-20 8.637251367269999447e-29 9.746277758259999984e-32 1.000000000000000000e+00 1.000000000000000000e+00 8.308984714400000588e-20 1.000000000000000000e+00 3.487072127899999895e-56 1.000000000000000000e+00
1.000000000000000000e+00 1.000000000000000000e+00 1.000000000000000000e+00 2.149691650959999895e-04 1.000000000000000000e+00 4.635938927519999818e-36 9.999983097629999707e-01 1.000000000000000000e+00 1.000000000000000000e+00 4.036006885499999875e-64
3.061708536069999715e-39 1.000000000000000000e+00 2.119717299009999811e-43 1.000000000000000000e+00 1.000000000000000000e+00 1.484842776820000054e-22 8.801024736869999397e-28 5.046498993380000124e-21 1.000000000000000000e+00 1.000000000000000000e+00
1.000000000000000000e+00 8.054650413689999960e-49 1.000000000000000000e+00 1.000000000000000000e+00 9.598186248480000883e-25 3.506852180239999945e-12 1.000000000000000000e+00 6.498873868000000346e-35 1.475022643149999874e-57 1.000000000000000000e+00
3.121885238639999950e-23 1.000000000000000000e+00 8.210576526869999911e-26 1.000000000000000000e+00 9.999999990829999685e-01 9.999999999409999729e-01 7.312479325359999288e-18 1.410414151580000003e-55 3.408573463529999788e-07 2.843145638769999881e-101
