1.825836636999999973e-06 1.000000000000000000e+00 1.429807378570000035e-05 1.000000000000000000e+00 1.000000000000000000e+00 1.000000000000000000e+00 4.968389127400000290e-08 1.000000000000000000e+00 7.637675107049999781e-40 9.746210158110000243e-01
1.000000000000000000e+00 1.000000000000000000e+00 1.000000000000000000e+00 3.294386911109999853e-28 3.337022350599999968e-18 1.000000000000000000e+00 9.999999991589999526e-01 1.000000000000000000e+00 1.000000000000000000e+00 9.999999999930000438e-01
1.000000000000000000e+00 1.642123843090000064e-07 1.000000000000000000e+00 1.000000000000000000e+00 1.000000000000000000e+00 1.601469000740000044e-55 1.000000000000000000e+00 6.368660145669999700e-65 2.012521282920000093e-45 1.000000000000000000e+00
1.633123360330000092e-31 5.909419170619999671e-40 1.036250171580000036e-15 3.378374691659999950e-35 1.000000000000000000e+00 1.939759227429999915e-16 2.847035712000000107e-35 2.411438600459999988e-03 6.777813736140000400e-55 5.302411090660000174e-18
2.284528694310000050e-23 1.083053296929999978e-35 1.796888402870000001e-29 5.932135631029999967e-02 2.252853959789999988e-45 1.827198078699999940e-45 3.150307277569999799e-17 4.072925399020000207e-14 1.000000000000000000e+00 1.219493320070000039e-25
7.923546244179999797e-33 1.000000000000000000e+00 2.290737132950000014e-24 7.023536393679999495e-20 2.562531875300000084e-26 8.150073991679999486e-04 1.114143553729999965e-38 3.894640620950000244e-23 1.189061240459999981e-47 4.292445927559999636e-22
6.198102382209999797e-53 8.533356116940000366e-25 3.698606160410000079e-54 1.000000000000000000e+00 1.000000000000000000e+00 1.000000000000000000e+00 5.948317604869999710e-53 1.000000000000000000e+00 1.000000000000000000e+00 5.862579417559999557e-45
1.000000000000000000e+00 1.000000000000000000e+00 1.000000000000000000e+00 1.000000000000000000e+00 1.000000000000000000e+00 5.522898194580000207e-21 1.000000000000000000e+00 9.999999999869999545e-01 1.000000000000000000e+00 1.000000000000000000e+00
1.000000000000000000e+00 6.283210763919999730e-48 1.000000000000000000e+00 4.873167454299999937e-23 1.854105971540000020e-24 1.000000000000000000e+00 1.000000000000000000e+00 1.000000000000000000e+00 1.000000000000000000e+00 1.000000000000000000e+00
1.000000000000000000e+00 2.579057996150000097e-30 1.000000000000000000e+00 1.000000000000000000e+00 9.923116051110000280e-01 1.000000000000000000e+00 1.000000000000000000e+00 1.000000000000000000e+00 6.623104143969999361e-39 1.000000000000000000e+00
