9.999999732230000493e-01 1.167416986820000030e-01 1.000000000000000000e+00 1.000000000000000000e+00 4.944137363459999990e-01 4.004891673570000033e-71 1.162601084970000076e-123 1.000000000000000000e+00 4.796417907750000404e-16 1.922338123620000140e-82
8.949468426540000366e-33 1.000000000000000000e+00 1.000000000000000000e+00 1.004284534909999956e-04 2.267643393170000039e-48 1.000000000000000000e+00 1.000000000000000000e+00 1.299400953470000101e-19 8.797641304700000164e-01 1.000000000000000000e+00
3.127282362890000116e-31 9.999999999680000418e-01 3.311397654169999879e-43 1.000000000000000000e+00 1.000000000000000000e+00 2.335010497029999957e-49 1.000000000000000000e+00 1.000000000000000000e+00 4.105022439770000253e-01 1.000000000000000000e+00
1.000000000000000000e+00 1.684193203659999885e-10 1.000000000000000000e+00 4.394543530300000223e-01 1.632983736579999922e-15 1.623923653199999972e-88 1.000000000000000000e+00 1.537926523519999970e-02 5.162329809469999704e-16 1.000000000000000000e+00
3.365554057400000234e-16 5.330160176819999780e-13 7.293136774109999537e-45 1.630277951519999961e-34 7.038238047320000704e-52 1.112132422210000058e-90 1.167410901510000028e-07 3.789296230349999798e-35 1.000000000000000000e+00 7.183211736190000529e-01
1.000000000000000000e+00 1.000000000000000000e+00 7.321687474459999866e-100 2.666537392429999936e-11 1.000000000000000000e+00 9.998072208249999537e-01 5.406953039220000175e-47 9.989416617170000512e-01 1.000000000000000000e+00 1.517064077520000028e-30
1.000000000000000000e+00 1.105963203179999994e-55 1.000000000000000000e+00 1.000000000000000000e+00 1.000000000000000000e+00 1.000000000000000000e+00 1.000000000000000000e+00 1.000000000000000000e+00 1.000000000000000000e+00 1.000000000000000000e+00
1.511313639829999966e-52 5.180062433409999666e-18 2.926220184130000083e-21 1.224798464219999938e-01 1.000000000000000000e+00 1.000000000000000000e+00 2.251728611440000003e-33 3.569371973989999836e-01 1.458613536500000057e-24 7.627222307589999474e-35
1.000000000000000000e+00 8.168288302280000482e-27 5.178560442189999907e-37 5.016486977199999983e-48 7.009643628609999967e-56 1.000000000000000000e+00 3.437429963400000208e-21 2.085890000290000153e-42 3.197814079650000013e-15 3.664668203940000344e-21
1.000000000000000000e+00 1.000000000000000000e+00 1.000000000000000000e+00 9.997482311940000255e-01 1.000000000000000000e+00 1.000000000000000000e+00 1.000000000000000000e+00 9.999999993870000159e-01 9.999999992529999826e-01 1.000000000000000000e+00
