1.421394857169999983e-08 1.000000000000000000e+00 8.226612322919999617e-49 1.184519878359999922e-37 1.000000000000000000e+00 1.000000000000000000e+00 2.217791679260000019e-78 1.000000000000000000e+00 1.000000000000000000e+00 4.404205936800000222e-06
9.656168771700000526e-05 1.937697254809999914e-29 1.266221312309999946e-33 1.000000000000000000e+00 1.000000000000000000e+00 1.000000000000000000e+00 1.982401915339999992e-45 1.000000000000000000e+00 8.297749176440000236e-39 3.864765108830000051e-24
6.356088220649999952e-13 2.427582113539999953e-44 4.871392635140000337e-37 1.284670059909999961e-17 1.775226531840000095e-56 8.998751417410000171e-59 1.670483999209999906e-32 3.932362811710000210e-59 1.560569557810000085e-44 1.485750433290000025e-25
7.729945317530000227e-49 8.634935345960000064e-03 1.000000000000000000e+00 1.000000000000000000e+00 1.000000000000000000e+00 1.956287002189999854e-105 1.000000000000000000e+00 1.000000000000000000e+00 1.000000000000000000e+00 1.384274754280000042e-40
1.000000000000000000e+00 1.000000000000000000e+00 1.000000000000000000e+00 1.000000000000000000e+00 1.000000000000000000e+00 1.000000000000000000e+00 1.000000000000000000e+00 1.000000000000000000e+00 1.000000000000000000e+00 1.000000000000000000e+00
1.000000000000000000e+00 1.000000000000000000e+00 1.000000000000000000e+00 1.000000000000000000e+00 5.176255538730000121e-54 7.960194892239999951e-71 1.000000000000000000e+00 4.887885318819999832e-54 1.000000000000000000e+00 1.000000000000000000e+00
1.000000000000000000e+00 9.303989734790000243e-01 1.000000000000000000e+00 4.053229155979999824e-35 3.474879829329999988e-42 1.000000000000000000e+00 1.000000000000000000e+00 1.160690779189999920e-44 1.000000000000000000e+00 7.111334582259999386e-27
9.999998930540000552e-01 1.000000000000000000e+00 1.559706726380000135e-185 9.252178993749999858e-01 2.608924831689999945e-20 1.018815063570000043e-43 4.915542751229999687e-229 4.981145586830000401e-10 1.000000000000000000e+00 1.000000000000000000e+00
1.000000000000000000e+00 1.231112158109999892e-25 9.999967169469999861e-01 4.698044296869999733e-27 1.000000000000000000e+00 1.006845869249999950e-52 1.000000000000000000e+00 1.000000000000000000e+00 7.500139472720000342e-26 1.000000000000000000e+00
1.000000000000000000e+00 1.177312773729999911e-44 9.999999999969999553e-01 1.000000000000000000e+00 1.386424436979999937e-46 1.000000000000000000e+00 9.999999996570000382e-01 3.620714609390000256e-51 1.728147714899999842e-58 1.000000000000000000e+00
