1.000000000000000000e+00 1.000000000000000000e+00 9.130690575219999758e-35 1.000000000000000000e+00 1.000000000000000000e+00 2.462623520760000018e-01 1.000000000000000000e+00 1.000000000000000000e+00 1.000000000000000000e+00 8.292289029380000163e-28
1.000000000000000000e+00 2.439463995550000082e-29 1.000000000000000000e+00 1.000000000000000000e+00 1.000000000000000000e+00 1.000000000000000000e+00 1.000000000000000000e+00 1.000000000000000000e+00 1.000000000000000000e+00 1.000000000000000000e+00
3.685842364640000146e-01 2.620362707550000123e-87 9.456029918570000080e-46 1.251294981529999929e-54 1.000000000000000000e+00 2.821113533129999889e-56 1.000000000000000000e+00 1.000000000000000000e+00 5.290591723039999674e-08 1.552894099919999913e-46
1.000000000000000000e+00 1.363760506640000057e-53 1.000000000000000000e+00 1.000000000000000000e+00 1.000000000000000000e+00 1.000000000000000000e+00 6.698724574059999565e-113 1.000000000000000000e+00 2.397392498039999757e-66 1.000000000000000000e+00
1.000000000000000000e+00 9.999995030870000301e-01 1.378708257499999902e-26 1.000000000000000000e+00 6.048873264739999812e-130 1.000000000000000000e+00 5.856967675390000183e-01 2.228349564089999860e-111 2.262566560859999856e-73 1.022224294160000031e-27
3.438444708679999923e-10 1.000000000000000000e+00 1.000000000000000000e+00 1.036209507519999927e-28 1.000000000000000000e+00 1.000000000000000000e+00 1.000000000000000000e+00 1.000000000000000000e+00 2.513450058670000131e-46 1.000000000000000000e+00
1.000000000000000000e+00 1.000000000000000000e+00 1.000000000000000000e+00 2.987685829409999933e-38 3.294798753959999763e-63 2.865042502359999912e-12 3.032069042130000071e-48 1.552743751870000036e-53 1.000000000000000000e+00 1.000000000000000000e+00
3.439138145149999878e-31 1.000000000000000000e+00 1.692668720989999969e-35 4.664674755789999806e-12 9.999999727339999867e-01 1.000000000000000000e+00 4.683842837720000478e-100 9.483364121799999769e-01 1.000000000000000000e+00 1.156144116800000059e-33
2.261119351259999880e-40 1.504712658949999899e-06 9.999709211230000117e-01 1.000000000000000000e+00 1.140558846349999915e-56 1.839896145440000008e-29 1.000000000000000000e+00 1.454777060429999964e-55 1.000000000000000000e+00 9.999986113840000357e-01
1.025101640049999914e-52 2.587398084629999987e-61 1.000000000000000000e+00 4.673126748320000079e-01 4.056167911129999771e-85 1.002786473920000083e-06 4.799583166449999778e-107 2.503276769780000068e-86 5.413726420679999659e-80 9.999999999990000221e-01
