1.188537005069999910e-38 4.771613164360000148e-51 4.433423326740000062e-06 1.581226262129999933e-38 4.938700595140000277e-37 1.000000000000000000e+00 2.480945436049999870e-21 2.825319915259999866e-43 1.873937440919999860e-58 1.097946658719999992e-24
7.266835517990000159e-02 1.000000000000000000e+00 8.686042757910000175e-49 5.182906634439999813e-03 3.375118241600000291e-02 1.000000000000000000e+00 3.357247091779999983e-45 1.000000000000000000e+00 1.000000000000000000e+00 2.374997596910000058e-14
9.999999516169999492e-01 1.000000000000000000e+00 1.000000000000000000e+00 1.000000000000000000e+00 1.000000000000000000e+00 1.000000000000000000e+00 1.000000000000000000e+00 1.000000000000000000e+00 8.788467927690000144e-45 1.000000000000000000e+00
1.000000000000000000e+00 1.000000000000000000e+00 1.000000000000000000e+00 2.078528357110000109e-16 4.496817994839999999e-01 1.140665300239999986e-21 1.000000000000000000e+00 1.792967726839999969e-42 1.000000000000000000e+00 2.151311012759999904e-28
1.000000000000000000e+00 1.000000000000000000e+00 1.463635568549999870e-38 1.000000000000000000e+00 1.000000000000000000e+00 1.076052265029999972e-30 5.446928749660000237e-54 1.000000000000000000e+00 1.000000000000000000e+00 9.999999943780000233e-01
1.000000000000000000e+00 2.087790163150000206e-87 1.000000000000000000e+00 9.999703351030000409e-01 8.430988536189999987e-08 1.000000000000000000e+00 1.000000000000000000e+00 1.000000000000000000e+00 1.000000000000000000e+00 9.999999998420000535e-01
7.869526692820000152e-08 1.265148711109999949e-44 2.355673288750000028e-08 1.000000000000000000e+00 1.000000000000000000e+00 9.999999529009999666e-01 1.000000000000000000e+00 5.568205373829999936e-75 4.906800047119999789e-64 1.000000000000000000e+00
1.639301381270000059e-23 4.679611929110000000e-39 9.909003129850000423e-14 9.999999439079999553e-01 1.092273480610000009e-04 1.621811954789999986e-31 3.490938812760000097e-51 9.743663138049999423e-20 4.890093931870000266e-37 1.000000000000000000e+00
2.675929131259999857e-24 1.663054446269999901e-37 1.000000000000000000e+00 1.311624840539999956e-18 3.457529095279999968e-10 4.041797309120000055e-22 1.000000000000000000e+00 1.000000000000000000e+00 1.581200901440000070e-57 1.095983879749999930e-34
1.000000000000000000e+00 1.000000000000000000e+00 1.000000000000000000e+00 1.000000000000000000e+00 1.000000000000000000e+00 9.963023196219999988e-01 1.000000000000000000e+00 1.456576732849999968e-148 1.000000000000000000e+00 1.000000000000000000e+00
