3.889355977149999940e-34 4.216737466429999917e-42 2.944133979090000021e-27 9.999999882919999861e-01 1.000000000000000000e+00 1.000000000000000000e+00 2.826137189850000140e-30 1.000000000000000000e+00 1.632617211370000116e-53 9.999989990569999598e-01
9.028309387360000364e-37 9.233744831050000283e-11 1.000000000000000000e+00 3.158303747810000019e-28 2.109638130919999845e-30 1.946106337140000090e-50 1.837187015130000139e-39 1.000000000000000000e+00 1.201181562790000093e-59 4.601433971849999730e-36
2.169275045870000095e-03 1.131961050179999995e-82 1.743528504240000003e-39 1.000000000000000000e+00 3.807565623649999953e-02 1.013226844669999973e-56 9.999999988869999745e-01 9.298780407800000322e-61 1.000000000000000000e+00 1.000000000000000000e+00
8.732789599100000414e-06 1.000000000000000000e+00 1.423075019770000006e-23 3.802943055670000113e-21 1.000000000000000000e+00 3.382162248520000107e-45 6.662617426920000612e-11 9.999999999990000221e-01 1.000000000000000000e+00 8.340670442729999666e-17
1.000000000000000000e+00 1.272106990130000005e-18 1.000000000000000000e+00 9.999999999390000172e-01 1.000000000000000000e+00 4.840519952869999755e-37 1.000000000000000000e+00 9.195735084820000712e-44 5.686341709549999581e-56 1.000000000000000000e+00
1.000000000000000000e+00 7.450250134479999626e-130 1.000000000000000000e+00 7.240209760480000213e-07 3.186482539369999920e-12 1.000000000000000000e+00 1.000000000000000000e+00 1.000000000000000000e+00 1.000000000000000000e+00 9.997759488780000314e-01
1.000000000000000000e+00 1.000000000000000000e+00 1.000000000000000000e+00 4.940212513039999864e-01 1.000000000000000000e+00 1.000000000000000000e+00 1.000000000000000000e+00 1.000000000000000000e+00 1.000000000000000000e+00 9.992667756249999922e-01
1.000000000000000000e+00 1.000000000000000000e+00 6.233811383839999491e-51 6.182181123329999758e-35 1.608901276309999907e-12 1.000000000000000000e+00 1.000000000000000000e+00 2.624565435820000119e-28 3.153932821530000122e-113 4.349906846370000212e-26
5.530525645679999819e-43 1.000000000000000000e+00 5.081945138419999856e-23 3.802264889899999785e-09 3.506979535319999974e-16 1.000000000000000000e+00 8.351889557939999744e-50 1.193698105930000069e-46 1.000000000000000000e+00 2.467395763270000118e-22
1.000000000000000000e+00 1.000000000000000000e+00 1.000000000000000000e+00 1.000000000000000000e+00 6.689226644419999688e-28 1.922860611809999938e-44 1.000000000000000000e+00 1.000000000000000000e+00 1.000000000000000000e+00 1.000000000000000000e+00
