1.466867401959999920e-12 1.000000000000000000e+00 8.932364849999999868e-39 1.155014636549999986e-06 9.996866993640000087e-01 1.000000000000000000e+00 5.647255485050000103e-51 1.000000000000000000e+00 1.000000000000000000e+00 2.394256522759999898e-31
1.000000000000000000e+00 1.304161145559999993e-33 1.000000000000000000e+00 2.248349503320000198e-47 2.978229622700000143e-61 1.000000000000000000e+00 9.999999999640000192e-01 1.000000000000000000e+00 1.000000000000000000e+00 1.000000000000000000e+00
1.000000000000000000e+00 1.000000000000000000e+00 1.000000000000000000e+00 2.857735871970000230e-01 9.968568251139999781e-01 2.843032114939999967e-181 1.748792964660000060e-01 2.587384687909999993e-231 1.000000000000000000e+00 1.000000000000000000e+00
1.117536372310000066e-25 1.000000000000000000e+00 1.000000000000000000e+00 1.000000000000000000e+00 1.000000000000000000e+00 1.000000000000000000e+00 1.838346967310000004e-37 1.000000000000000000e+00 4.756703349110000390e-40 1.000000000000000000e+00
2.719622268829999844e-38 1.000000000000000000e+00 1.856176475170000011e-36 3.584439583009999680e-02 3.269255533770000210e-58 1.069853752340000062e-32 1.328313506950000067e-29 8.819114136580000215e-34 4.548470459470000009e-28 6.869988641250000043e-36
5.042542060190000300e-39 2.639403389459999920e-129 1.304479771920000101e-25 9.998009135630000488e-01 1.000000000000000000e+00 3.514468959479999841e-69 3.794303683890000300e-49 1.687725603280000082e-75 9.066939836759999594e-01 2.316362230010000069e-23
5.032295000389999665e-34 8.254121759910000718e-34 1.000000000000000000e+00 1.000000000000000000e+00 1.938665923900000017e-45 1.366756788739999994e-79 1.000000000000000000e+00 1.670769905099999862e-86 1.649085508740000047e-41 1.000000000000000000e+00
1.206542950430000011e-02 5.971225848479999772e-35 2.030968358870000035e-25 4.565564374320000150e-11 1.000000000000000000e+00 1.000000000000000000e+00 1.000000000000000000e+00 1.000000000000000000e+00 5.669620637339999964e-41 4.861452041510000041e-22
1.000000000000000000e+00 1.000000000000000000e+00 1.000000000000000000e+00 1.000000000000000000e+00 1.000000000000000000e+00 1.000000000000000000e+00 1.000000000000000000e+00 1.000000000000000000e+00 1.000000000000000000e+00 1.000000000000000000e+00
1.000000000000000000e+00 1.000000000000000000e+00 2.078892645459999894e-56 1.000000000000000000e+00 9.999999986230000415e-01 6.875848712259999666e-38 1.000000000000000000e+00 1.988022230789999934e-40 1.000000000000000000e+00 1.598971485779999939e-51
