1.000000000000000000e+00 9.999999989240000442e-01 1.000000000000000000e+00 1.000000000000000000e+00 1.000000000000000000e+00 1.000000000000000000e+00 1.000000000000000000e+00 1.000000000000000000e+00 3.831493947290000125e-132 1.000000000000000000e+00
1.000000000000000000e+00 1.000000000000000000e+00 1.000000000000000000e+00 1.000000000000000000e+00 1.645991258249999980e-53 4.937952565069999791e-10 1.000000000000000000e+00 1.834361734750000044e-26 1.000000000000000000e+00 1.000000000000000000e+00
4.922627958780000011e-30 5.790022880620000302e-38 2.140927487410000046e-45 9.951175328019999933e-01 1.000000000000000000e+00 1.000000000000000000e+00 9.483045954900000407e-02 1.000000000000000000e+00 5.781769959319999922e-82 5.384878113840000147e-15
5.162228299359999985e-38 4.264483419190000190e-34 9.057972437220000230e-26 3.685264083740000190e-33 1.284901646319999969e-17 2.643692453509999976e-71 3.371869078429999843e-42 2.444184663640000010e-15 1.000000000000000000e+00 1.093351256820000034e-02
1.000000000000000000e+00 9.999999999690000196e-01 9.296322405989999510e-06 9.999999738699999474e-01 1.000000000000000000e+00 2.473485653909999860e-36 9.999999999930000438e-01 1.000000000000000000e+00 1.000000000000000000e+00 1.000000000000000000e+00
1.000000000000000000e+00 1.000000000000000000e+00 3.511263640169999907e-21 1.318027391679999898e-09 9.244720363780000593e-09 1.892023964540000104e-41 1.214591384400000053e-10 1.181830412380000098e-15 1.191696404739999988e-84 2.188724035589999941e-21
1.915740872540000000e-42 1.202034914480000023e-60 1.000000000000000000e+00 1.000000000000000000e+00 5.809301070279999646e-01 8.356392610899999740e-01 1.000000000000000000e+00 9.986082519379999578e-01 1.000000000000000000e+00 2.545910912919999871e-12
1.000000000000000000e+00 2.564157312690000008e-44 3.208656611919999845e-22 3.483817196939999907e-13 2.462067712870000133e-20 1.000000000000000000e+00 5.973877076339999828e-25 9.999999997759999593e-01 1.000000000000000000e+00 1.000000000000000000e+00
4.512334857219999774e-47 5.097439814400000413e-28 1.000000000000000000e+00 1.000000000000000000e+00 2.071966026170000038e-33 2.046387950119999938e-34 1.000000000000000000e+00 5.287897482389999959e-13 2.943919119200000039e-236 5.839362073770000272e-01
2.210276144490000098e-33 1.000000000000000000e+00 1.000000000000000000e+00 1.510453784560000079e-13 1.000000000000000000e+00 1.000000000000000000e+00 4.279270651069999946e-10 1.000000000000000000e+00 1.000000000000000000e+00 1.413945383319999939e-25
