1.000000000000000000e+00 1.000000000000000000e+00 1.000000000000000000e+00 1.000000000000000000e+00 1.000000000000000000e+00 1.000000000000000000e+00 1.000000000000000000e+00 1.000000000000000000e+00 1.000000000000000000e+00 1.000000000000000000e+00
1.000000000000000000e+00 5.508191498820000043e-30 2.677877134730000106e-42 1.000000000000000000e+00 1.259135701939999997e-33 3.624247803619999781e-25 1.803978970750000059e-49 4.838955913829999876e-73 1.000000000000000000e+00 1.000000000000000000e+00
4.171083311159999928e-48 1.000000000000000000e+00 1.000000000000000000e+00 1.197670991140000020e-35 9.125291064670000404e-62 1.000000000000000000e+00 1.000000000000000000e+00 2.892751952870000222e-47 9.999999418199999601e-01 9.995247190470000209e-01
5.973241134999999878e-55 3.857560181259999719e-92 6.951503971829999851e-15 1.000000000000000000e+00 1.000000000000000000e+00 9.999371441590000353e-01 7.380560538869999892e-19 1.000000000000000000e+00 1.000000000000000000e+00 1.000000000000000000e+00
1.000000000000000000e+00 6.304060615709999489e-39 1.000000000000000000e+00 1.000000000000000000e+00 3.549937383229999884e-16 1.000000000000000000e+00 1.000000000000000000e+00 8.993298659159999803e-42 1.271878086880000061e-60 1.000000000000000000e+00
5.641330113700000481e-01 9.509604110239999741e-01 6.216614334780000460e-04 2.733062926190000046e-39 5.206366690559999574e-16 9.158693437839999368e-03 2.421735865809999944e-02 1.930610322040000028e-126 7.082781302649999699e-31 1.364082002240000069e-56
1.000000000000000000e+00 1.000000000000000000e+00 2.084917459599999909e-08 1.000000000000000000e+00 1.000000000000000000e+00 1.791763783170000093e-12 2.413002366319999970e-03 1.000000000000000000e+00 1.420030269380000062e-83 1.000000000000000000e+00
2.164644611069999970e-28 7.701157253360000207e-45 1.657958207310000084e-05 3.716417817550000265e-21 1.599002279550000073e-34 3.851235464460000166e-22 1.539902646870000037e-02 1.000000000000000000e+00 2.514182807760000053e-76 8.896148378859999853e-17
1.863347765550000047e-49 1.000000000000000000e+00 4.687550851870000258e-05 6.579719155320000013e-37 1.000000000000000000e+00 1.000000000000000000e+00 2.245928137270000041e-02 1.000000000000000000e+00 1.000000000000000000e+00 7.397700600240000515e-35
1.000000000000000000e+00 6.433339516899999977e-48 1.000000000000000000e+00 9.241098429789999704e-04 1.000000000000000000e+00 1.000000000000000000e+00 1.000000000000000000e+00 1.000000000000000000e+00 1.000000000000000000e+00 7.313703992309999593e-44
