1.000000000000000000e+00 1.000000000000000000e+00 1.661240337230000162e-05 8.423132904569999645e-53 5.897879742370000425e-81 1.000000000000000000e+00 2.486034494630000075e-26 5.826747260740000169e-34 8.006993781949999946e-15 1.402839087569999932e-32
2.982040405239999723e-29 1.000000000000000000e+00 8.063160912600000020e-22 1.619298682179999991e-24 1.000000000000000000e+00 5.103847062750000182e-22 3.194777282589999806e-11 1.220268080660000083e-80 4.872847221769999716e-56 8.449623043139999653e-11
4.016378135619999849e-04 6.270518420700000473e-60 1.000000000000000000e+00 1.161920955260000023e-41 1.000000000000000000e+00 1.000000000000000000e+00 1.000000000000000000e+00 1.000000000000000000e+00 1.000000000000000000e+00 1.000000000000000000e+00
1.000000000000000000e+00 1.000000000000000000e+00 1.000000000000000000e+00 1.000000000000000000e+00 9.999999837299999861e-01 1.000000000000000000e+00 2.219892737910000025e-01 1.000000000000000000e+00 3.496342976609999816e-121 9.999999999580000409e-01
6.846823238739999651e-01 1.000000000000000000e+00 4.788938528959999971e-24 1.000000000000000000e+00 1.000000000000000000e+00 2.227228583339999898e-18 9.999999951669999998e-01 1.000000000000000000e+00 1.000000000000000000e+00 1.000000000000000000e+00
9.681463793760000682e-12 9.847365560029999944e-22 1.000000000000000000e+00 1.000000000000000000e+00 1.181815009959999915e-59 8.625543140079999875e-18 1.000000000000000000e+00 5.006292517239999983e-34 4.955774868210000199e-45 1.000000000000000000e+00
3.499609486639999922e-12 1.051832084780000034e-76 1.436145945140000058e-27 1.000000000000000000e+00 7.930151726950000813e-68 9.974493383800000501e-01 4.689985289209999729e-04 5.990325046299999834e-19 1.000000000000000000e+00 4.667533073239999997e-01
1.000000000000000000e+00 1.000000000000000000e+00 1.000000000000000000e+00 1.000000000000000000e+00 1.000000000000000000e+00 1.000000000000000000e+00 1.000000000000000000e+00 1.497157336160000053e-58 1.000000000000000000e+00 1.000000000000000000e+00
1.000000000000000000e+00 1.000000000000000000e+00 7.859133050910000215e-44 6.700490298610000002e-86 1.000000000000000000e+00 1.000000000000000000e+00 8.309485352700000784e-43 1.000000000000000000e+00 1.000000000000000000e+00 1.736909601379999914e-53
3.752224326420000153e-28 2.105773376310000053e-67 1.000000000000000000e+00 4.753594782660000137e-54 9.978396291700000198e-01 1.059125487689999995e-27 1.573193023860000105e-34 1.000000000000000000e+00 1.318285890839999948e-53 5.852188390349999867e-37
