1.000000000000000000e+00 1.000000000000000000e+00 1.000000000000000000e+00 1.000000000000000000e+00 1.000000000000000000e+00 2.250847398360000152e-43 1.000000000000000000e+00 1.913436696569999880e-48 2.462909033110000090e-01 1.000000000000000000e+00
1.000000000000000000e+00 4.517330492340000146e-12 1.000000000000000000e+00 1.007677248809999947e-46 4.672147263850000182e-28 1.000000000000000000e+00 1.000000000000000000e+00 1.511932240819999859e-113 1.000000000000000000e+00 1.000000000000000000e+00
1.000000000000000000e+00 1.000000000000000000e+00 2.100683875689999813e-15 1.000000000000000000e+00 1.000000000000000000e+00 1.000000000000000000e+00 2.819744368939999859e-20 1.000000000000000000e+00 1.000000000000000000e+00 1.000000000000000000e+00
9.010209474779999894e-01 3.330515145369999957e-25 1.000000000000000000e+00 1.000000000000000000e+00 5.785554987179999953e-15 6.443204439970000679e-61 1.000000000000000000e+00 1.000000000000000000e+00 1.000000000000000000e+00 4.536356072439999767e-15
2.068871839110000025e-48 1.000000000000000000e+00 1.000000000000000000e+00 1.000000000000000000e+00 1.000000000000000000e+00 1.000000000000000000e+00 1.000000000000000000e+00 1.000000000000000000e+00 1.376976323380000103e-03 1.000000000000000000e+00
1.000000000000000000e+00 4.491681198039999791e-10 1.000000000000000000e+00 6.954567935440000582e-48 7.075185719880000590e-18 9.999998143349999591e-01 1.000000000000000000e+00 1.000000000000000000e+00 3.915252382950000005e-05 1.000000000000000000e+00
8.059982245179999430e-36 3.179237060970000037e-16 1.000000000000000000e+00 3.420248863240000190e-40 4.845899117309999884e-26 1.557562098729999916e-24 1.000000000000000000e+00 7.190856502190000034e-41 2.278916557699999990e-54 2.613465143169999975e-08
1.255775076580000087e-24 8.109870114230000038e-01 3.507321336840000009e-47 6.972036431150000542e-85 9.999725123339999744e-01 1.000000000000000000e+00 7.926644932049999387e-55 1.000000000000000000e+00 1.000000000000000000e+00 2.066910545019999891e-36
1.000000000000000000e+00 1.000000000000000000e+00 1.179992380780000042e-30 1.000000000000000000e+00 2.461671710239999961e-11 1.000000000000000000e+00 5.021004342000000076e-29 1.798118519510000058e-54 9.814873767979999916e-55 3.184305300479999904e-52
2.193207924400000125e-35 8.223913848159999541e-16 5.975552867990000281e-72 1.000000000000000000e+00 3.530749466170000073e-01 1.289883059769999987e-27 2.717274567620000025e-83 4.509454984879999767e-41 9.999894816759999916e-01 2.364067344649999942e-05
