1.000000000000000000e+00 1.000000000000000000e+00 1.000000000000000000e+00 1.000000000000000000e+00 1.000000000000000000e+00 1.000000000000000000e+00 1.000000000000000000e+00 1.000000000000000000e+00 8.823624083190000491e-24 1.000000000000000000e+00
5.233829204540000424e-19 1.000000000000000000e+00 1.502403277269999920e-70 2.275809444820000128e-48 1.000000000000000000e+00 1.000000000000000000e+00 6.033257634919999798e-21 1.000000000000000000e+00 1.189805919540000115e-16 2.766157493420000289e-20
6.555280457779999540e-29 4.207444346120000082e-17 9.192583379149999113e-56 6.056226457639999728e-62 2.111213271870000005e-18 1.133224124480000041e-57 1.095022351350000024e-21 1.585425029749999986e-16 1.000000000000000000e+00 9.932760044130000132e-01
3.163110600909999854e-20 1.000000000000000000e+00 1.000000000000000000e+00 1.000000000000000000e+00 1.000000000000000000e+00 1.000000000000000000e+00 1.169195796549999971e-15 1.000000000000000000e+00 1.000000000000000000e+00 1.000000000000000000e+00
1.493023606490000106e-07 1.079746777529999932e-52 5.610415859930000172e-36 1.000000000000000000e+00 4.649085748819999662e-49 1.000000000000000000e+00 6.190967415329999520e-38 3.540461379330000210e-30 6.042057015819999638e-06 3.032631908220000072e-27
9.468822386199999437e-26 1.000000000000000000e+00 1.000000000000000000e+00 4.620109897940000214e-38 1.000000000000000000e+00 4.214131898649999743e-93 9.994207639030000534e-01 1.000000000000000000e+00 7.282813019310000059e-20 4.126958079179999680e-08
1.000000000000000000e+00 1.000000000000000000e+00 4.544047964520000046e-35 1.000000000000000000e+00 1.000000000000000000e+00 2.108787647809999978e-29 1.000000000000000000e+00 9.998268017260000251e-01 1.000000000000000000e+00 1.000000000000000000e+00
1.000000000000000000e+00 1.900515952060000107e-53 1.000000000000000000e+00 4.221980234090000211e-50 1.354301032799999912e-47 1.000000000000000000e+00 1.000000000000000000e+00 1.000000000000000000e+00 1.000000000000000000e+00 1.000000000000000000e+00
5.148284136230000229e-22 9.999999998059999617e-01 1.000000000000000000e+00 5.686152101660000076e-54 5.019773665210000013e-01 2.401425380119999758e-10 1.000000000000000000e+00 2.820331731150000209e-75 1.000000000000000000e+00 1.000000000000000000e+00
1.000000000000000000e+00 4.514589850820000283e-43 1.000000000000000000e+00 1.000000000000000000e+00 4.273324304229999901e-47 5.998171256069999894e-62 1.000000000000000000e+00 1.951690754910000107e-60 8.259450830850000034e-22 9.999999967939999790e-01
