3.309804419679999836e-74 1.243921912770000003e-24 1.000000000000000000e+00 3.810670825360000146e-28 4.162800225970000298e-20 5.271391284089999906e-17 4.227985381340000281e-46 2.655210977329999875e-12 1.860535320950000085e-08 1.000000000000000000e+00
1.000000000000000000e+00 2.547205853940000148e-62 1.000000000000000000e+00 8.122022212259999342e-31 1.014177444240000020e-13 1.000000000000000000e+00 1.000000000000000000e+00 1.000000000000000000e+00 1.000000000000000000e+00 1.000000000000000000e+00
2.914014175500000174e-48 1.179017022879999978e-40 1.590769778460000051e-52 7.722863840130000403e-05 1.000000000000000000e+00 4.539100064729999968e-29 1.000000000000000000e+00 1.000000000000000000e+00 2.733619914080000145e-30 9.806726202309999301e-43
1.000000000000000000e+00 1.000000000000000000e+00 1.000000000000000000e+00 8.428494987050000331e-02 1.738252638300000053e-05 1.000000000000000000e+00 1.000000000000000000e+00 8.148218138559999544e-77 1.000000000000000000e+00 1.000000000000000000e+00
8.952021939589999740e-57 5.384309284150000267e-55 7.309604978629999608e-10 1.000000000000000000e+00 1.000000000000000000e+00 9.999994847209999760e-01 3.008501083880000143e-55 2.588645124779999782e-50 1.071111816559999930e-30 9.999995232370000320e-01
7.902503478979999718e-01 1.000000000000000000e+00 5.137060750949999758e-24 1.063330064929999937e-10 2.583155172099999827e-16 1.000000000000000000e+00 2.581756154769999741e-35 1.000000000000000000e+00 2.293919572679999892e-34 2.477557053420000037e-20
1.000000000000000000e+00 1.000000000000000000e+00 7.986048764220000432e-07 1.000000000000000000e+00 1.000000000000000000e+00 2.396290203889999901e-02 7.887684624030000272e-10 7.765992738139999786e-62 1.000000000000000000e+00 9.760907052720000365e-01
1.074694285410000012e-97 1.000000000000000000e+00 1.000000000000000000e+00 1.000000000000000000e+00 1.000000000000000000e+00 1.000000000000000000e+00 1.000000000000000000e+00 1.000000000000000000e+00 3.046303149509999951e-12 1.000000000000000000e+00
1.000000000000000000e+00 3.316688678389999966e-06 9.999999999940000217e-01 1.000000000000000000e+00 1.000000000000000000e+00 2.337257076070000018e-05 9.999994749310000541e-01 1.000000000000000000e+00 1.000000000000000000e+00 1.000000000000000000e+00
1.000000000000000000e+00 6.928731724860000015e-41 5.956738041960000403e-50 5.915448518519999844e-07 9.687900526180000455e-12 9.515816979560000055e-01 1.000000000000000000e+00 3.215676065620000276e-67 4.408281328010000281e-21 5.377421260369999735e-40
