1.000000000000000000e+00 1.000000000000000000e+00 1.000000000000000000e+00 1.000000000000000000e+00 1.000000000000000000e+00 1.000000000000000000e+00 1.000000000000000000e+00 1.000000000000000000e+00 8.351304179099999822e-53 1.000000000000000000e+00
1.232007181099999910e-12 5.377784601959999672e-50 4.634289908520000147e-68 1.000000000000000000e+00 1.035374852489999935e-04 1.006566134979999966e-06 9.999935871320000391e-01 3.739885384579999994e-94 1.000000000000000000e+00 9.999978902870000352e-01
1.765007240529999871e-14 8.163501225560000123e-32 1.000000000000000000e+00 9.997765812170000355e-23 9.387096673059999215e-62 2.853545249159999758e-47 2.715375289779999804e-25 1.000000000000000000e+00 2.898870942719999773e-26 2.196166092230000178e-12
1.000000000000000000e+00 1.000000000000000000e+00 6.326551576209999714e-72 5.882041674240000312e-09 8.549659458189999643e-32 3.791197913039999869e-27 9.316961821789999825e-24 4.971888833380000274e-29 3.102781574429999984e-106 1.549622264069999893e-23
1.000000000000000000e+00 1.000000000000000000e+00 0.000000000000000000e+00 1.000000000000000000e+00 1.000000000000000000e+00 1.000000000000000000e+00 1.000000000000000000e+00 1.000000000000000000e+00 3.539137287890000337e-49 9.999535902499999684e-01
1.000000000000000000e+00 3.365486189600000171e-16 2.650680028340000232e-57 1.000000000000000000e+00 4.214117126700000004e-58 1.050116522160000031e-42 1.000000000000000000e+00 1.000000000000000000e+00 1.688005480080000020e-44 1.000000000000000000e+00
1.000000000000000000e+00 3.347808113049999861e-28 1.000000000000000000e+00 1.000000000000000000e+00 1.000000000000000000e+00 1.000000000000000000e+00 1.000000000000000000e+00 1.000000000000000000e+00 1.000000000000000000e+00 1.000000000000000000e+00
1.000000000000000000e+00 1.000000000000000000e+00 1.000000000000000000e+00 8.487201930969999475e-02 1.027261128659999965e-17 2.157516839609999924e-11 1.000000000000000000e+00 2.621026636420000144e-29 1.000000000000000000e+00 1.000000000000000000e+00
1.487009733280000065e-08 1.441839317589999929e-37 1.000000000000000000e+00 1.761786825099999888e-23 1.000000000000000000e+00 1.000000000000000000e+00 7.463766597609999273e-21 4.527846269579999914e-31 2.322547519250000003e-51 2.274508910230000122e-14
9.300363943870000316e-01 1.000000000000000000e+00 4.386881188899999967e-39 1.343374125119999909e-18 1.000000000000000000e+00 1.000000000000000000e+00 1.780517182860000120e-26 9.840725805450000196e-01 1.000000000000000000e+00 2.962054818990000155e-28
