1.000000000000000000e+00 1.789714189850000158e-24 9.996199881439999720e-107 1.000000000000000000e+00 1.026413803969999925e-36 2.082342974000000080e-24 3.609539001669999869e-260 2.758229094680000014e-03 1.022723380959999962e-24 1.000000000000000000e+00
9.144533949020000090e-105 1.000000000000000000e+00 4.217639993009999741e-07 1.000000000000000000e+00 9.998718386880000031e-01 1.000000000000000000e+00 2.395717480300000035e-01 1.000000000000000000e+00 1.000000000000000000e+00 2.773867496719999881e-15
4.183870957889999988e-52 5.795582737589999923e-35 9.999996137000000118e-01 5.138843490240000523e-88 9.999999997399999785e-01 4.229587306560000412e-28 1.000000000000000000e+00 1.000000000000000000e+00 1.924183938619999945e-10 6.565376791999999627e-22
1.000000000000000000e+00 9.997321290509999514e-01 1.000000000000000000e+00 1.000000000000000000e+00 3.607177459450000313e-95 9.999999999969999553e-01 1.000000000000000000e+00 1.000000000000000000e+00 1.000000000000000000e+00 1.000000000000000000e+00
9.999999554399999768e-01 1.000000000000000000e+00 1.000000000000000000e+00 1.000000000000000000e+00 1.000000000000000000e+00 1.000000000000000000e+00 1.000000000000000000e+00 1.000000000000000000e+00 5.678138609129999776e-59 9.999998858099999888e-01
1.000000000000000000e+00 1.000000000000000000e+00 1.000000000000000000e+00 1.018511914540000018e-119 1.000000000000000000e+00 1.000000000000000000e+00 1.000000000000000000e+00 8.405019646489999213e-15 1.000000000000000000e+00 9.999997068020000102e-01
1.000000000000000000e+00 8.628371219809999755e-35 1.000000000000000000e+00 1.000000000000000000e+00 2.018569212949999914e-01 3.996512264809999949e-25 1.000000000000000000e+00 1.046406377680000052e-61 9.184898462190000720e-19 9.998053469890000322e-01
1.000000000000000000e+00 1.000000000000000000e+00 1.731416912940000064e-39 5.471571275939999423e-79 7.679636811660000295e-29 1.000000000000000000e+00 1.537754289120000007e-48 9.868579306339999713e-08 1.203220926869999989e-15 1.492501550220000128e-35
1.107079335869999943e-113 4.532843741700000080e-21 1.247850382320000049e-14 1.000000000000000000e+00 3.684113555060000022e-28 8.303158681099999782e-13 6.803093604290000050e-19 7.016823172970000375e-43 8.077706485460000030e-01 2.283725824730000066e-13
1.000000000000000000e+00 1.952722947870000007e-42 3.718404996700000007e-43 9.999999999769999537e-01 1.000000000000000000e+00 2.833751828610000140e-40 1.895170728920000158e-77 1.000000000000000000e+00 1.000000000000000000e+00 1.000000000000000000e+00
