1.000000000000000000e+00 7.905331200879999815e-39 8.401268619780000432e-28 1.979451181250000111e-53 1.496184965900000069e-33 1.000000000000000000e+00 1.107918228509999974e-36 1.586714890799999963e-06 7.286191809280000584e-67 1.675014288750000022e-53
1.238517876439999979e-21 1.000000000000000000e+00 1.000000000000000000e+00 1.784675606610000070e-15 1.000000000000000000e+00 6.384618387559999608e-03 2.037024326929999999e-15 1.000000000000000000e+00 2.884118678310000210e-50 1.539966476020000078e-24
3.637428490630000093e-34 8.494729091439999769e-01 7.448571407040000073e-55 3.253331749440000103e-19 1.000000000000000000e+00 1.000000000000000000e+00 1.726944389980000095e-19 1.000000000000000000e+00 1.000000000000000000e+00 2.114921911730000033e-24
1.000000000000000000e+00 1.000000000000000000e+00 3.188452953889999863e-87 1.000000000000000000e+00 1.000000000000000000e+00 3.838990713160000103e-40 1.000000000000000000e+00 1.000000000000000000e+00 5.604681702479999972e-01 1.000000000000000000e+00
3.322336074139999860e-13 9.844255526229999679e-77 6.016797665979999784e-32 9.840119779410000458e-17 2.493523859450000185e-28 3.799059587789999768e-45 8.855209580790000020e-20 9.180173846219999656e-19 1.000000000000000000e+00 2.440918346469999951e-11
1.000000000000000000e+00 1.000000000000000000e+00 1.000000000000000000e+00 1.000000000000000000e+00 1.000000000000000000e+00 1.000000000000000000e+00 1.000000000000000000e+00 1.000000000000000000e+00 1.000000000000000000e+00 1.000000000000000000e+00
1.000000000000000000e+00 1.000000000000000000e+00 1.000000000000000000e+00 4.043068366880000203e-34 3.803306309670000375e-49 1.028748338379999948e-06 9.999999961150000116e-01 2.102233305759999874e-31 1.000000000000000000e+00 2.446615261909999851e-58
1.000000000000000000e+00 4.242414243510000339e-90 1.000000000000000000e+00 1.000000000000000000e+00 1.964832530080000039e-40 9.999998975989999872e-01 1.000000000000000000e+00 9.026099614820000136e-29 1.000000000000000000e+00 1.000000000000000000e+00
3.706768332980000107e-23 1.000000000000000000e+00 9.999945615340000149e-01 1.000000000000000000e+00 1.759443868219999945e-84 1.940287392459999885e-13 1.000000000000000000e+00 7.922961986010000079e-46 4.138403778080000136e-54 1.000000000000000000e+00
6.861433421349999451e-02 6.914629718690000337e-62 3.312678353220000026e-50 1.000000000000000000e+00 1.000000000000000000e+00 1.000000000000000000e+00 1.000000000000000000e+00 1.000000000000000000e+00 1.215741829350000058e-29 1.000000000000000000e+00
